param m := 100;

param n := 100;


param fixo := 200 ;

param CAP := 20;

param matrix :	1	2	3	4	5	6	7	8	9	10	11	12	13	14	15	16	17	18	19	20	21	22	23	24	25	26	27	28	29	30	31	32	33	34	35	36	37	38	39	40	41	42	43	44	45	46	47	48	49	50	51	52	53	54	55	56	57	58	59	60	61	62	63	64	65	66	67	68	69	70	71	72	73	74	75	76	77	78	79	80	81	82	83	84	85	86	87	88	89	90	91	92	93	94	95	96	97	98	99	100	:=
1	1	0	1	0	1	0	1	1	1	1	1	1	0	0	0	1	0	1	1	0	1	0	0	1	1	1	1	1	1	1	1	0	1	0	1	0	1	1	1	1	1	0	1	1	1	0	1	0	1	1	1	0	0	1	0	0	0	1	1	1	1	0	1	1	1	0	1	1	1	1	1	1	0	1	1	0	1	1	0	0	0	1	1	1	0	1	1	1	1	1	1	1	0	1	0	0	1	1	1	0	
2	1	1	1	1	1	1	1	1	1	0	1	1	1	0	0	1	0	1	1	1	1	1	1	1	0	1	1	1	1	0	1	1	1	1	1	1	1	1	0	1	1	1	0	1	1	0	1	1	1	1	1	1	1	0	1	1	1	1	1	0	1	1	1	1	1	1	1	1	1	0	0	1	1	1	1	1	1	1	1	0	1	1	0	1	0	1	1	0	0	1	1	1	0	1	0	0	1	0	1	1	
3	0	1	1	0	0	1	0	1	1	1	1	0	1	0	1	1	1	1	0	1	1	1	0	1	1	1	1	1	0	1	0	0	1	1	1	0	0	0	0	1	0	1	0	1	1	1	0	1	1	0	0	0	0	0	0	1	0	1	1	1	1	1	1	1	1	1	0	1	1	0	0	1	1	1	1	1	0	0	1	1	1	1	0	1	1	1	1	1	1	1	1	1	1	0	0	1	0	0	1	1	
4	1	0	0	0	1	1	1	1	1	1	1	1	1	1	0	0	0	1	1	1	0	1	1	1	0	1	0	1	1	1	1	0	0	1	1	1	1	1	1	0	0	1	1	1	1	1	1	0	0	1	1	0	0	1	0	0	0	1	1	1	0	1	1	0	1	1	1	0	0	1	1	1	1	1	1	0	1	1	1	1	1	0	1	1	1	1	1	1	1	1	1	1	1	1	0	1	1	0	1	0	
5	1	0	1	1	1	1	1	0	1	1	1	1	1	1	1	1	1	1	0	1	1	0	1	1	0	1	1	1	0	0	1	1	1	0	1	1	1	1	1	1	1	0	1	1	1	1	1	1	1	1	1	0	1	1	1	1	1	1	1	1	1	1	1	0	1	1	1	1	1	1	1	1	1	1	0	0	1	1	0	1	1	1	1	0	1	1	1	1	1	1	1	0	1	1	0	1	1	0	0	0	
6	1	1	1	1	0	0	1	1	0	0	1	1	1	0	1	1	1	1	1	1	1	1	1	1	1	1	1	1	1	1	1	0	1	0	1	1	1	1	1	1	1	0	1	1	0	1	1	0	1	1	0	0	1	1	0	1	1	1	1	1	0	0	0	1	1	0	1	1	0	0	0	1	1	1	1	0	1	1	1	1	1	1	1	1	1	1	0	1	0	0	1	1	1	1	1	1	1	1	1	1	
7	1	1	1	1	1	1	0	0	1	1	1	1	1	1	0	0	0	1	1	0	1	1	0	1	1	1	1	1	1	1	1	1	1	0	1	0	1	1	1	1	1	1	1	0	0	1	1	1	1	0	1	1	1	1	1	1	0	1	1	1	1	1	1	0	1	1	1	1	1	1	0	1	1	1	1	1	1	1	0	0	1	1	1	1	1	1	0	0	0	1	1	1	1	0	1	0	0	1	1	1	
8	0	1	1	0	1	0	1	0	1	1	1	1	1	0	1	1	0	0	1	1	1	0	1	1	1	1	1	1	1	1	1	0	1	0	0	1	0	1	0	0	1	0	1	1	1	1	1	0	1	1	1	1	1	1	1	0	1	1	1	1	0	1	1	0	0	1	1	1	1	1	1	1	1	0	1	1	1	0	1	0	1	1	1	1	1	0	0	1	1	1	1	1	0	1	1	1	0	0	1	1	
9	0	1	1	1	1	1	0	1	1	1	0	1	1	1	1	1	1	0	1	0	1	1	1	0	1	1	1	1	1	1	1	1	0	0	1	1	1	1	1	1	1	1	1	1	1	1	1	1	0	0	1	1	1	0	1	0	0	1	1	0	1	0	1	1	1	1	1	1	0	0	1	0	1	1	1	0	0	0	1	1	1	1	1	0	1	1	1	1	1	1	1	1	0	1	1	1	1	0	1	1	
10	0	1	1	1	1	1	1	1	1	1	1	0	0	0	1	1	1	1	1	0	0	1	0	0	0	1	1	0	1	0	0	1	1	1	1	1	0	1	1	1	1	1	1	1	1	0	1	0	0	1	0	1	1	1	1	1	1	1	1	0	1	0	1	0	1	0	1	0	0	1	0	1	1	1	1	1	1	0	0	1	1	0	1	1	1	0	1	1	0	1	1	0	1	1	0	1	1	1	1	0	
11	0	1	0	0	0	1	1	1	1	0	1	0	0	0	1	1	1	1	1	1	1	0	1	0	1	1	1	1	1	1	0	0	0	1	1	0	1	1	1	1	1	0	1	1	1	0	1	0	0	1	1	0	0	1	0	1	1	1	1	1	1	1	0	1	1	1	1	0	1	1	0	1	1	1	1	0	1	1	1	1	1	1	1	1	0	1	0	1	1	1	1	1	1	0	1	1	1	1	1	1	
12	1	1	0	0	0	1	1	0	1	0	0	0	1	1	1	0	1	0	0	1	1	1	0	1	0	1	1	1	1	0	1	0	1	1	1	1	1	0	1	0	1	0	1	1	1	1	1	1	0	1	0	1	1	0	0	1	0	1	0	0	1	1	1	1	1	1	1	1	1	1	1	1	1	1	1	1	1	1	0	0	1	1	0	1	0	1	1	1	1	0	0	0	0	1	0	1	0	1	1	1	
13	1	0	1	0	1	0	0	0	1	1	1	1	1	1	1	1	1	1	1	1	0	0	0	0	1	0	1	1	0	1	1	0	1	0	0	1	1	0	1	1	0	1	1	1	1	0	0	1	0	1	1	1	1	1	1	1	1	1	1	1	0	1	1	0	0	1	0	0	1	1	1	1	1	0	1	1	0	1	1	1	1	1	1	1	0	1	0	1	1	0	0	1	1	1	1	1	1	1	1	0	
14	0	1	1	1	1	0	0	1	1	0	1	0	1	1	1	0	0	0	1	1	1	1	1	1	0	1	1	1	1	1	1	0	1	1	0	1	1	1	0	1	0	1	0	1	0	1	1	0	1	1	1	1	0	1	0	0	1	1	1	0	1	1	0	0	0	1	0	0	0	1	1	0	0	0	1	1	0	0	1	0	0	1	1	1	0	1	1	1	1	1	1	1	1	1	0	1	1	1	0	1	
15	1	1	1	1	1	1	1	1	1	1	1	1	1	1	0	1	1	1	1	1	1	0	0	1	0	1	0	1	1	1	0	1	1	1	0	0	1	0	1	1	0	1	1	1	1	1	1	1	0	1	0	1	1	0	1	1	0	1	1	1	1	0	1	1	1	1	1	1	1	0	1	1	0	1	1	1	1	1	0	1	1	1	1	1	0	1	1	0	0	1	0	1	1	1	0	0	1	1	1	0	
16	1	1	1	1	1	1	1	1	1	0	0	1	1	0	1	1	1	1	1	1	1	1	1	1	1	1	1	1	1	1	1	1	1	0	1	1	1	0	1	1	1	0	1	1	1	0	1	0	1	0	1	0	1	1	1	1	1	1	0	1	0	1	0	1	0	0	1	1	0	1	0	1	1	1	1	1	1	1	1	1	0	1	1	1	0	1	1	0	1	0	0	0	1	1	0	1	1	1	0	1	
17	0	1	1	1	0	0	1	1	1	1	1	0	1	1	1	1	1	1	0	1	0	1	0	1	1	0	0	1	1	0	1	1	1	1	1	0	1	0	1	1	1	1	0	1	1	0	1	1	1	0	0	0	0	0	1	1	1	1	1	0	1	1	1	1	1	1	1	1	0	1	1	1	1	0	1	1	1	0	0	0	0	0	1	1	1	0	1	1	1	0	1	1	1	1	0	1	1	1	1	0	
18	1	1	0	1	1	0	1	1	0	0	0	1	0	0	0	1	0	1	0	1	0	1	1	1	1	1	0	1	1	1	1	1	0	0	0	1	1	0	1	1	0	1	1	1	0	1	1	0	0	1	0	1	1	1	1	1	1	1	1	0	1	1	0	1	1	0	0	1	1	1	0	1	1	1	0	1	1	1	1	1	0	1	0	0	1	1	1	1	1	1	1	1	1	1	1	0	1	1	0	1	
19	1	1	1	1	1	0	0	1	1	1	1	0	1	0	1	1	1	1	1	1	0	0	1	1	1	1	1	0	1	1	1	1	1	1	1	0	1	1	0	1	1	0	1	1	0	1	0	1	0	1	0	1	0	1	1	0	1	0	1	1	1	0	0	1	1	1	1	1	1	1	0	0	1	1	1	1	0	1	0	1	1	0	1	1	1	0	1	0	1	1	1	0	1	0	1	0	1	1	1	1	
20	1	1	1	0	1	1	0	1	1	0	0	0	1	0	1	1	1	0	0	1	1	1	1	1	1	1	0	0	1	1	1	1	1	1	1	0	1	1	1	1	1	1	1	0	1	0	1	1	1	1	0	0	1	0	1	1	1	0	0	1	1	0	0	0	1	1	1	1	1	0	0	1	0	1	1	1	1	1	1	1	1	1	1	0	1	1	1	0	1	0	0	1	0	0	1	1	1	0	0	0	
21	1	1	1	1	1	1	1	1	1	1	1	1	1	1	1	1	1	1	1	1	1	1	0	0	0	0	0	1	1	1	1	1	1	1	1	1	1	0	1	1	1	1	1	1	1	1	1	1	1	1	0	1	0	0	1	0	0	1	1	1	1	0	1	1	1	0	1	1	1	1	0	1	1	1	1	1	1	0	0	1	1	0	1	1	1	0	0	1	0	0	1	1	0	1	1	1	0	0	0	0	
22	0	1	1	0	1	0	1	1	0	1	1	0	1	1	1	1	1	1	1	1	1	1	1	1	1	1	1	1	1	1	1	0	0	1	1	1	0	0	1	1	1	0	1	1	1	1	1	1	1	1	0	0	0	0	1	1	1	1	1	1	1	0	0	1	1	1	1	0	0	1	1	1	0	0	0	1	1	1	1	1	1	0	0	1	1	1	0	1	1	1	1	1	1	1	1	1	1	1	0	1	
23	1	1	1	1	0	1	0	0	1	1	1	1	0	0	1	1	0	1	1	0	1	1	1	1	1	0	0	0	1	1	1	0	0	1	1	0	0	1	0	0	1	1	1	1	1	0	1	1	0	1	1	0	1	0	0	1	1	1	1	0	1	1	1	1	0	1	1	1	0	1	0	1	1	1	1	0	1	0	1	1	1	1	1	1	1	0	1	0	1	1	1	1	0	0	1	1	1	1	1	1	
24	1	0	1	1	1	0	1	1	1	1	1	1	1	1	1	0	1	1	0	1	1	0	0	1	0	0	0	0	1	1	1	0	0	0	1	1	0	1	1	1	1	1	0	1	1	1	1	0	1	1	0	1	0	1	1	0	0	1	0	0	1	1	0	1	0	1	1	1	1	1	0	1	1	0	0	0	1	1	1	1	1	1	1	1	1	0	1	0	0	0	1	1	1	1	1	1	1	1	1	1	
25	0	0	1	0	1	0	1	1	1	0	0	0	1	0	0	1	1	0	1	1	1	1	1	1	1	1	1	1	1	1	1	0	1	1	1	1	1	0	1	1	1	1	1	1	0	1	0	1	1	1	1	1	0	1	0	1	0	0	1	1	0	1	0	0	1	1	0	1	1	0	0	1	1	0	1	1	0	0	1	1	1	0	1	1	1	0	1	1	0	1	1	1	0	1	1	1	1	1	1	1	
26	1	1	1	1	1	1	1	1	1	1	1	1	1	0	0	1	1	0	1	1	0	1	0	0	1	1	1	1	1	1	1	0	1	1	1	1	0	1	0	1	1	0	1	1	1	1	0	1	1	1	0	1	0	0	1	1	1	1	1	1	0	0	1	0	1	1	1	1	1	1	1	0	1	1	1	1	1	1	0	0	1	1	1	1	0	1	0	0	1	1	1	1	1	1	0	0	1	1	0	1	
27	1	1	1	1	0	1	1	1	1	1	0	1	1	1	0	0	1	0	1	1	1	1	1	1	1	1	1	1	0	1	1	1	1	1	0	0	1	0	0	0	1	1	1	1	0	1	1	1	1	1	0	1	1	1	0	1	1	0	1	1	0	1	1	1	0	1	1	1	1	1	1	0	0	1	0	0	1	0	1	0	1	1	1	1	1	1	1	0	0	1	1	1	1	1	0	1	1	1	1	1	
28	1	1	1	0	1	1	1	1	1	1	0	0	1	0	1	0	1	1	1	1	0	0	1	1	0	1	1	1	1	1	1	1	1	0	1	1	1	1	1	1	1	1	0	1	1	1	0	1	1	1	0	1	1	0	0	1	1	1	1	0	1	0	1	0	1	1	1	1	0	1	1	0	0	1	0	0	1	0	0	1	1	0	0	0	1	1	1	1	1	1	0	0	0	1	1	1	0	1	1	0	
29	1	1	1	1	1	1	1	0	1	0	0	1	0	1	1	0	1	1	1	1	1	1	1	1	0	1	1	0	1	0	1	1	0	1	1	0	0	1	1	1	1	1	1	1	1	0	0	0	0	1	0	1	0	1	0	0	0	0	0	1	1	1	0	0	1	1	1	1	1	1	0	0	0	1	1	1	1	1	1	1	0	0	1	1	0	1	1	1	1	1	1	1	1	0	1	0	1	0	0	1	
30	0	1	1	1	1	0	0	1	0	1	1	0	1	0	1	1	1	0	1	1	0	1	0	1	1	1	0	0	1	1	1	1	0	0	1	1	1	1	0	0	1	1	1	1	1	1	0	1	1	0	1	1	1	1	1	0	1	1	1	1	0	0	1	1	1	1	1	0	0	1	1	1	1	0	0	0	0	1	1	1	1	1	1	1	1	0	1	1	0	1	1	1	1	1	1	1	1	1	1	1	
31	1	1	0	0	0	0	1	0	1	1	0	1	1	1	1	1	1	0	0	1	1	0	1	0	1	1	1	1	1	0	1	0	1	1	0	0	0	0	1	1	0	1	0	1	1	0	0	1	0	0	0	1	0	0	1	0	1	1	0	1	1	0	0	0	1	1	1	1	1	1	1	0	1	0	0	0	0	1	1	0	1	1	1	0	0	0	1	1	1	0	0	0	0	1	0	0	1	1	1	1	
32	0	1	0	0	1	1	1	1	1	0	1	0	1	0	0	1	1	1	1	1	0	1	0	1	1	0	0	0	0	1	0	1	0	0	1	0	0	0	1	1	1	1	1	1	0	0	1	1	1	1	0	0	1	1	1	0	1	0	0	1	1	1	1	1	1	1	1	0	0	1	1	0	1	0	0	1	0	0	0	1	0	0	1	0	0	0	1	0	0	1	1	0	1	1	1	1	1	1	1	0	
33	0	0	1	1	1	1	1	0	0	1	1	0	0	1	1	1	0	1	1	0	0	1	0	1	1	0	1	1	0	1	1	1	1	1	1	0	1	1	1	1	0	1	1	0	1	1	1	0	1	1	1	1	0	1	1	1	1	0	1	0	0	1	1	0	1	1	0	0	0	0	1	1	1	1	1	1	0	0	1	1	0	1	0	1	0	0	1	1	1	1	1	1	0	0	1	0	0	1	1	0	
34	1	0	1	1	0	1	1	0	1	1	1	1	0	1	0	0	1	1	1	0	0	1	1	1	1	1	1	0	1	1	1	0	1	1	1	1	1	1	1	1	1	1	0	1	0	1	0	1	1	1	0	1	1	1	0	1	0	1	1	0	1	0	1	1	1	1	1	1	1	1	1	0	1	0	1	1	1	1	1	1	0	1	0	1	1	1	1	1	1	1	1	1	1	0	1	1	1	1	1	0	
35	1	1	1	1	0	1	0	0	0	1	0	1	1	1	0	0	0	1	1	1	1	0	0	0	1	1	1	0	1	1	0	1	1	0	1	0	0	1	1	0	1	1	1	0	1	0	0	1	1	1	1	1	1	0	0	1	0	0	0	1	0	1	1	1	0	1	1	1	0	1	1	1	0	1	1	1	1	1	1	1	1	1	1	1	1	1	1	1	1	0	1	1	1	1	0	1	1	1	1	1	
36	1	0	1	1	0	0	1	1	1	1	0	1	1	1	1	1	1	0	0	0	1	0	0	1	0	0	0	1	0	0	0	0	1	0	1	1	0	1	1	1	1	1	1	1	1	1	1	0	0	1	1	0	0	1	0	1	1	1	1	1	1	1	0	0	0	1	1	0	0	1	1	0	1	1	1	1	1	1	1	1	1	0	1	1	1	1	1	1	0	0	0	0	1	0	1	1	0	1	1	0	
37	1	1	1	1	1	1	1	1	1	1	1	1	1	1	1	1	0	1	1	0	1	1	1	0	1	0	1	1	1	1	1	0	0	1	0	1	1	1	1	1	0	1	1	1	1	1	0	0	1	1	1	1	0	0	1	1	1	0	1	1	1	1	1	1	1	0	1	1	1	1	1	0	1	1	1	1	1	1	1	1	0	1	1	1	0	1	1	1	1	0	1	1	1	0	1	1	1	1	0	0	
38	0	1	0	1	0	1	1	0	1	1	0	1	1	0	0	1	1	1	1	1	1	1	1	1	1	1	1	0	0	0	1	1	1	0	1	1	1	1	1	0	1	1	1	0	1	1	1	1	1	1	1	1	0	1	0	0	0	1	0	1	0	1	0	0	0	0	1	0	1	0	1	1	1	1	0	1	1	1	0	0	1	1	0	1	1	0	1	1	0	1	1	1	1	1	0	1	1	1	1	1	
39	0	1	1	0	1	1	0	1	1	1	1	1	1	1	0	1	1	0	1	1	1	1	1	1	0	1	1	1	1	0	0	0	1	0	1	1	1	1	1	0	0	1	0	1	1	1	1	1	1	0	1	0	1	0	1	1	1	0	1	0	1	1	1	1	1	1	0	1	0	1	1	1	0	0	1	1	1	0	1	1	0	0	1	0	1	0	1	0	1	1	0	1	1	0	0	0	1	1	0	1	
40	1	1	0	1	1	1	1	0	1	1	1	1	1	1	0	1	1	1	1	1	0	1	0	1	1	1	1	1	1	0	1	1	0	0	1	1	1	1	1	0	0	1	1	1	1	1	0	0	0	1	1	1	1	1	1	1	1	1	1	1	1	1	1	1	1	1	0	1	1	1	1	1	0	1	1	1	0	1	1	1	1	1	1	0	1	0	0	0	0	0	0	1	1	0	1	1	1	1	1	1	
41	1	0	1	0	1	1	1	1	1	1	0	1	0	1	1	1	0	0	1	0	1	1	1	1	1	1	1	0	1	0	1	1	0	1	1	1	1	0	1	1	0	1	1	1	1	1	0	1	0	1	0	1	1	1	1	1	1	1	0	0	1	1	1	1	1	1	1	0	0	1	0	1	1	1	1	0	1	0	1	0	1	0	0	0	1	1	1	1	1	1	0	1	1	1	0	0	1	1	1	1	
42	0	0	0	1	0	1	0	0	1	0	1	0	1	0	1	0	0	0	1	1	1	1	1	0	1	0	1	1	0	0	1	1	1	1	0	1	0	0	1	1	1	1	1	1	0	1	1	0	1	1	1	0	1	1	1	1	1	0	0	1	0	1	1	1	1	1	1	1	1	1	1	0	1	1	1	1	1	1	1	1	1	0	1	1	0	1	1	1	0	1	1	1	1	1	0	1	1	1	1	0	
43	0	0	1	1	1	0	1	1	0	1	1	1	0	1	1	1	1	0	1	1	1	1	0	0	0	1	0	1	1	1	1	0	1	1	1	1	1	1	0	0	0	1	0	1	0	1	0	0	1	1	0	1	1	1	0	0	1	1	1	0	1	1	1	1	1	1	1	0	1	1	1	1	0	1	1	1	1	1	1	1	0	1	1	1	1	1	1	0	1	1	1	1	1	1	1	1	1	1	1	1	
44	1	1	0	0	0	1	1	1	0	1	1	1	1	1	0	1	1	0	0	1	0	1	1	0	1	1	0	1	0	1	1	1	1	1	1	1	1	1	1	1	1	0	1	1	1	1	1	1	0	1	1	0	1	1	0	1	0	1	1	0	1	0	1	1	1	0	0	1	1	0	0	1	1	1	0	1	0	1	0	1	1	1	1	0	1	1	1	1	1	0	0	1	0	1	0	1	1	1	1	1	
45	1	1	1	0	1	1	1	1	1	1	1	1	0	1	1	0	1	1	0	1	0	1	1	1	0	1	1	0	1	1	0	1	1	1	0	0	1	1	1	1	1	0	1	1	0	1	0	0	0	1	0	0	1	1	1	1	1	0	1	1	1	0	0	0	1	0	1	1	1	0	1	1	0	1	0	1	1	0	1	0	0	0	1	1	1	1	1	1	1	1	0	0	1	1	0	1	1	0	0	1	
46	1	1	1	1	1	1	1	1	0	1	1	1	1	1	0	0	1	1	1	1	0	1	0	0	1	0	1	1	0	1	1	1	1	1	1	1	1	1	1	1	0	1	0	1	0	1	1	1	1	1	1	1	1	1	0	1	1	1	1	1	1	1	0	0	1	1	1	1	0	0	1	0	0	1	1	1	0	0	1	0	1	1	1	1	1	0	0	1	1	1	0	0	1	0	0	0	0	0	1	0	
47	1	0	1	1	1	1	0	1	1	1	1	1	1	0	1	0	0	0	1	1	1	1	0	0	1	1	1	0	0	1	1	1	1	0	0	1	0	1	0	1	1	0	0	1	0	1	1	1	1	1	1	0	1	1	0	1	0	0	0	0	0	1	0	0	0	0	1	1	1	1	1	1	1	1	1	0	1	1	1	1	1	1	1	0	0	1	1	0	1	1	0	0	1	1	1	1	1	1	1	1	
48	1	0	1	0	1	1	1	1	1	1	1	0	0	0	0	0	0	1	1	1	1	0	1	0	0	1	1	1	1	1	1	0	1	1	0	0	1	1	1	0	1	0	1	1	0	1	1	1	0	1	1	1	1	1	0	1	0	1	0	0	1	1	0	1	1	1	1	0	1	0	1	0	1	0	1	0	1	0	1	1	1	1	0	1	1	0	1	0	1	0	1	1	0	1	0	1	1	1	1	0	
49	1	0	0	1	1	1	1	1	1	1	1	1	1	0	1	1	1	1	1	1	0	1	1	0	0	1	0	1	0	0	0	1	1	0	0	1	1	0	1	1	1	0	1	0	1	1	0	1	0	1	0	1	1	1	1	0	0	0	0	0	1	1	1	1	0	1	1	0	0	1	1	0	0	1	1	1	1	1	0	1	1	1	0	1	1	0	0	1	1	1	1	1	0	0	0	0	1	1	1	1	
50	1	0	0	0	1	1	1	0	1	1	0	1	1	1	0	0	1	1	1	1	0	1	1	1	1	0	1	1	1	1	0	1	1	0	1	1	0	0	1	1	1	1	1	0	1	0	1	0	0	1	1	1	0	1	1	0	0	0	1	0	1	1	1	1	1	0	0	1	1	1	0	1	0	1	0	1	1	0	1	1	1	1	1	1	0	0	1	1	1	1	0	1	1	1	1	1	1	0	0	1	
51	0	1	1	1	1	1	0	1	1	1	1	0	1	1	1	1	1	0	1	0	0	0	1	1	0	1	1	0	0	1	0	1	1	0	0	1	1	1	1	1	1	0	0	1	1	1	1	1	1	0	1	1	1	1	1	0	0	1	1	0	1	0	0	1	1	0	1	0	1	1	1	0	1	0	0	1	1	1	0	1	1	1	0	0	0	1	1	1	1	1	1	1	1	1	1	1	0	1	1	1	
52	1	1	1	1	1	0	1	1	1	0	1	1	1	1	1	1	0	1	1	1	1	1	1	0	1	1	0	0	1	1	1	0	1	0	0	1	1	0	1	0	1	1	0	1	1	1	0	1	1	0	0	1	1	0	1	1	1	1	0	1	1	0	0	1	0	1	0	1	1	0	1	0	1	1	1	1	0	0	0	0	1	0	1	1	1	0	0	1	0	1	0	1	1	0	0	1	1	1	1	1	
53	1	1	1	0	0	0	1	1	0	1	1	1	0	1	1	1	1	1	1	1	1	0	0	1	1	1	1	1	1	1	1	1	0	1	1	1	1	0	1	1	1	1	1	0	1	1	1	1	0	0	1	1	1	1	1	1	1	1	1	1	0	0	0	1	1	1	0	1	0	0	1	1	1	1	1	1	1	0	0	0	0	1	1	1	1	1	0	1	1	1	1	0	1	1	1	0	0	1	1	0	
54	1	0	1	1	1	1	1	0	1	1	1	1	0	1	0	1	1	1	1	1	1	1	1	1	0	1	1	0	1	0	1	1	1	0	1	0	1	1	1	1	1	0	1	1	1	1	0	1	0	1	1	0	0	1	1	1	1	1	1	1	0	1	1	0	1	1	1	0	1	1	1	1	0	1	1	1	0	1	0	0	1	1	1	1	1	1	1	1	1	1	1	0	0	1	1	0	1	1	1	1	
55	1	0	1	0	1	1	1	1	1	0	1	1	1	1	1	1	1	1	1	1	1	0	1	1	0	1	1	1	0	0	1	1	1	1	1	1	1	0	1	1	0	1	0	1	1	1	0	0	1	1	0	0	1	1	1	0	0	1	1	1	0	0	0	1	1	1	0	1	1	1	1	0	1	1	1	0	1	0	1	1	1	1	0	0	0	1	1	1	1	1	1	1	0	1	0	1	1	1	0	1	
56	1	0	0	0	0	0	1	1	1	1	0	1	1	1	1	0	0	1	1	1	1	1	1	0	1	0	1	1	0	0	1	1	0	1	1	1	0	1	0	1	1	0	1	1	1	1	0	1	0	1	1	1	1	0	1	1	1	1	1	1	1	0	1	1	1	1	0	1	1	0	1	1	1	1	1	1	0	1	1	1	1	1	0	1	1	1	1	1	1	1	1	0	1	1	1	1	0	1	1	1	
57	1	0	1	1	1	1	1	1	1	0	1	1	1	1	1	1	1	1	1	1	0	1	1	1	0	1	1	0	1	1	0	1	1	0	0	1	1	1	0	1	0	1	1	1	1	0	1	0	1	1	1	1	1	1	0	1	0	1	1	0	1	0	0	1	1	1	0	1	1	1	1	1	1	1	0	1	1	0	1	1	1	0	1	1	1	0	1	1	1	1	0	1	1	1	1	0	1	1	1	0	
58	1	1	1	1	0	1	1	0	1	1	1	0	1	1	1	1	1	1	1	0	0	0	0	1	1	1	0	1	1	0	0	0	1	1	0	1	1	1	1	1	1	0	0	1	1	1	0	1	1	0	1	1	0	0	1	1	0	0	1	1	1	1	1	0	1	1	1	1	1	1	0	1	0	1	0	1	0	1	1	0	1	1	0	1	0	1	0	1	1	1	1	1	1	1	1	1	1	0	1	1	
59	1	1	1	1	0	1	1	1	1	1	1	0	0	1	0	1	1	0	1	1	1	1	1	1	1	1	1	0	1	1	1	1	1	1	0	1	0	1	1	0	0	1	1	1	1	0	1	1	1	0	0	1	1	1	0	0	1	0	0	0	1	1	1	1	1	1	0	1	0	1	1	1	0	1	1	1	0	1	0	1	1	0	1	1	1	0	0	1	1	1	1	1	1	0	0	1	0	0	0	0	
60	0	1	0	1	1	1	1	1	1	1	0	1	1	0	0	1	0	1	1	1	1	1	1	0	1	1	1	1	0	1	0	0	1	0	1	0	0	0	0	1	1	1	0	0	1	1	1	1	1	1	1	1	1	1	1	0	1	0	1	1	1	1	0	0	0	0	1	1	1	1	1	1	1	1	1	0	1	1	1	1	0	1	1	0	1	1	0	0	1	0	1	1	1	1	0	0	0	1	1	0	
61	0	1	0	1	1	0	0	0	1	0	1	1	1	0	1	1	0	1	1	0	1	1	1	0	1	1	1	1	1	1	1	1	0	0	1	1	1	0	1	1	0	1	1	0	1	1	1	1	1	0	1	0	0	1	1	1	1	1	1	1	1	1	1	1	0	0	0	1	0	1	1	0	1	1	1	1	1	1	1	1	1	1	1	1	1	1	1	1	1	1	0	1	0	1	0	1	0	1	0	1	
62	1	0	0	1	0	1	1	0	1	1	1	1	1	0	0	1	1	0	0	1	1	0	1	0	1	1	0	1	1	1	1	1	1	0	1	0	1	1	0	0	0	1	1	0	1	1	1	0	0	0	1	0	1	0	1	0	0	0	1	1	1	0	1	1	1	1	1	0	1	0	1	1	1	1	0	1	1	1	0	0	1	1	1	1	1	1	0	0	1	1	0	1	1	1	1	1	0	1	1	1	
63	0	1	0	1	1	1	1	1	1	1	0	0	1	0	0	1	1	1	0	1	1	0	1	1	1	0	1	1	1	0	1	1	0	1	0	0	1	1	1	1	1	0	1	1	1	1	0	1	0	1	0	1	1	1	1	1	1	0	1	1	1	1	1	0	1	0	0	1	1	1	0	1	1	1	0	1	1	0	1	1	1	1	1	1	1	1	1	1	1	1	1	0	1	1	1	1	1	0	0	1	
64	0	1	1	1	0	1	1	0	0	1	0	0	1	1	1	1	1	0	0	1	1	1	0	1	1	1	1	1	1	1	1	1	0	0	1	0	0	0	1	1	1	0	1	1	0	1	1	0	0	1	1	0	1	0	1	1	1	0	1	0	0	1	0	1	1	0	1	1	1	0	0	0	1	1	1	1	1	1	0	1	0	1	0	0	0	1	0	1	1	0	1	0	1	0	1	0	1	0	1	1	
65	0	1	1	1	1	0	1	1	1	1	1	1	1	1	1	0	1	0	0	1	0	1	1	0	1	1	1	1	0	1	1	1	1	1	1	1	1	1	1	1	0	1	1	0	0	0	0	1	1	0	1	0	1	1	1	1	1	1	0	1	0	1	1	1	0	1	1	1	1	1	0	0	1	1	1	1	0	1	0	1	0	1	0	1	1	1	1	1	1	1	0	1	0	0	1	0	0	0	1	1	
66	1	1	0	1	1	0	1	0	1	0	0	0	1	1	1	0	1	0	1	0	1	0	0	1	1	1	1	0	0	1	1	1	1	1	1	1	1	1	1	0	1	1	1	0	1	0	0	1	1	1	1	1	0	1	1	1	1	1	0	0	1	1	1	1	1	1	1	0	1	1	1	1	1	1	0	0	0	1	1	0	1	0	1	1	0	0	1	0	1	0	0	1	0	0	0	1	1	1	1	1	
67	1	1	0	1	0	0	1	1	1	1	0	0	0	0	1	0	1	0	1	1	0	1	1	1	1	0	0	1	1	1	1	1	1	0	1	1	0	1	1	0	0	1	0	1	1	1	1	1	1	0	0	0	0	1	1	0	1	0	1	1	0	1	1	1	1	1	0	1	1	1	0	1	1	0	1	1	0	1	1	0	1	1	0	1	1	0	0	0	0	1	1	1	1	0	1	1	1	1	0	1	
68	1	1	1	1	1	1	0	1	0	1	0	1	1	1	0	1	1	1	0	0	1	0	1	1	0	1	1	1	0	1	0	0	1	1	1	1	1	1	1	1	1	1	0	0	1	1	1	1	1	1	1	1	1	1	1	1	1	0	1	0	0	1	1	1	1	1	1	1	1	1	0	0	1	1	0	1	1	0	1	0	0	1	1	1	1	1	1	1	1	0	1	1	1	0	1	1	0	1	1	1	
69	1	1	1	1	1	0	1	1	1	0	0	0	1	0	1	0	0	0	1	1	1	1	0	1	1	1	1	1	1	1	1	1	0	1	1	0	0	1	1	1	0	1	0	0	0	1	0	1	0	0	0	1	0	1	1	1	1	1	1	0	1	1	1	1	1	1	0	0	1	0	0	1	0	1	1	0	0	0	0	0	1	1	1	0	1	1	1	1	1	1	0	0	1	1	0	1	1	1	1	1	
70	1	0	0	0	1	1	1	1	1	1	1	1	0	1	0	1	1	1	1	0	1	0	0	1	0	1	1	1	0	1	0	0	1	1	1	0	1	1	1	1	1	0	0	1	1	1	1	1	1	1	1	0	0	1	1	1	0	1	0	1	1	1	0	1	1	1	1	1	1	0	1	1	1	0	0	1	1	0	1	0	1	1	1	1	0	1	1	1	1	1	1	1	1	0	0	0	1	1	0	1	
71	0	1	1	1	1	1	1	0	1	0	1	1	1	1	0	1	1	1	0	1	1	1	0	1	1	1	1	1	1	1	0	0	1	0	1	1	0	1	0	1	1	1	0	0	1	0	1	1	1	1	1	0	0	1	1	1	0	1	1	1	1	1	1	0	1	0	1	1	1	0	1	1	0	1	1	1	1	0	1	1	0	0	0	0	1	1	0	0	0	0	0	1	1	1	0	1	1	0	0	1	
72	1	0	1	1	1	1	0	1	1	1	1	1	1	0	1	0	0	1	1	1	1	1	1	0	1	1	0	1	1	1	1	1	0	1	1	1	1	1	0	0	0	1	1	0	0	1	0	1	0	1	0	1	1	1	1	1	1	1	1	0	1	1	1	0	1	1	0	0	0	1	1	0	1	0	1	1	1	0	1	0	1	1	1	1	1	0	0	1	1	1	1	1	1	1	1	1	1	1	1	0	
73	0	1	1	1	1	1	1	1	1	1	1	1	1	1	1	1	0	0	1	1	0	1	1	0	0	1	1	1	0	0	1	0	1	1	1	1	0	1	1	1	1	1	1	0	1	1	1	0	1	1	1	0	1	1	1	1	1	1	1	0	1	0	0	1	1	0	1	0	1	1	1	0	0	1	0	0	1	1	1	1	1	0	1	1	1	1	0	0	1	0	1	0	1	1	1	1	1	0	1	0	
74	1	1	1	1	1	1	1	1	1	0	0	1	0	1	0	0	1	1	0	1	1	1	1	0	0	1	1	0	0	1	0	1	1	1	0	1	1	1	1	1	0	1	1	1	1	0	1	0	1	1	0	1	1	1	1	1	0	0	1	1	1	1	1	1	0	1	1	1	1	0	1	0	0	1	0	1	1	1	0	0	1	0	0	1	1	1	0	0	0	0	1	0	1	1	1	0	1	1	1	1	
75	1	1	1	1	1	1	1	0	1	0	0	1	1	1	0	0	1	1	1	1	1	0	0	1	1	1	1	1	1	1	0	1	0	1	1	1	1	1	1	1	1	1	0	0	1	0	1	1	0	1	0	1	1	1	1	0	0	1	1	0	1	1	1	1	1	0	1	1	0	1	0	1	1	1	0	1	1	1	1	0	1	1	1	0	1	0	0	0	1	0	1	1	0	1	0	0	0	0	0	1	
76	1	1	0	1	0	1	0	0	0	0	1	0	1	1	1	1	1	1	1	1	0	1	1	0	1	0	1	1	1	1	1	1	1	1	1	0	0	0	0	1	0	1	0	1	0	1	0	1	1	0	1	1	0	1	1	1	0	1	1	1	1	0	0	1	0	0	1	1	1	1	1	1	1	0	1	0	0	1	1	1	0	0	1	1	1	0	0	1	1	0	1	0	0	1	1	1	1	1	1	0	
77	0	1	1	1	0	1	0	1	1	1	1	1	0	1	1	0	0	1	1	1	0	1	1	1	1	1	1	0	1	1	1	0	1	1	0	0	0	1	1	0	1	1	1	0	1	0	0	1	1	1	1	1	0	0	1	1	1	1	0	1	1	1	1	0	1	1	1	1	0	0	0	0	1	0	0	1	1	0	0	1	1	1	1	0	0	1	1	1	1	1	1	1	0	1	1	0	1	1	0	1	
78	0	0	1	1	1	1	1	1	1	1	1	0	1	0	1	1	1	1	0	1	1	1	1	0	1	0	0	1	1	0	0	1	1	1	1	1	1	1	1	1	1	1	1	0	1	1	1	1	1	0	0	0	1	1	0	1	1	1	0	1	1	1	1	1	1	1	1	0	1	0	1	0	0	0	1	1	1	1	1	0	1	1	1	1	0	0	1	1	1	0	0	0	1	1	1	1	1	0	1	1	
79	0	0	1	0	1	1	1	1	1	1	1	0	1	1	1	1	0	0	1	1	1	0	1	0	0	1	1	1	1	0	1	0	1	0	1	1	1	1	0	0	0	1	1	1	1	1	0	1	1	1	1	1	0	1	0	1	1	0	0	0	1	1	1	0	1	1	0	1	1	0	0	1	1	0	1	0	1	0	1	1	1	1	1	1	0	1	1	1	1	1	0	1	1	0	1	1	0	0	1	1	
80	0	1	1	1	0	0	1	1	0	1	0	1	1	1	1	0	0	1	0	0	1	1	1	0	1	1	1	1	0	1	1	0	1	1	1	1	1	1	1	1	1	1	1	1	1	0	0	0	0	1	1	1	0	1	1	1	1	0	1	1	1	1	1	1	0	0	0	1	1	1	1	0	0	1	0	1	1	0	1	1	1	1	0	1	1	0	1	0	1	1	1	1	1	1	1	0	0	1	1	1	
81	1	1	1	1	1	1	1	1	1	1	1	1	0	1	0	0	0	1	0	1	1	1	1	0	1	1	1	1	1	1	0	1	0	0	1	1	0	0	0	0	1	1	1	1	1	1	1	1	1	0	1	1	1	0	1	1	0	0	1	0	0	0	0	1	1	1	0	1	1	0	1	1	1	0	0	0	1	1	0	1	1	1	1	0	1	1	0	0	1	1	0	1	1	1	1	1	0	0	1	1	
82	1	1	1	1	1	1	1	1	1	1	1	0	1	1	1	1	0	1	1	1	1	1	1	1	1	1	1	1	1	1	0	1	1	1	1	0	1	0	1	1	0	1	0	0	1	1	0	1	1	1	1	1	0	1	0	1	1	1	0	1	1	0	1	1	1	1	1	0	0	1	1	1	0	1	1	1	1	1	1	1	1	1	1	0	0	1	1	0	1	1	1	0	0	0	1	0	1	1	1	1	
83	1	1	1	1	0	0	0	0	1	0	1	1	1	0	0	0	1	1	1	1	1	1	1	1	1	1	1	1	1	1	1	0	1	0	1	1	1	0	1	0	0	0	1	1	0	1	1	0	1	0	0	1	1	1	1	1	1	0	1	1	1	0	1	0	1	1	1	1	1	1	1	1	1	0	0	0	1	0	0	1	1	1	0	1	1	1	1	0	1	1	0	1	1	1	1	1	1	1	1	0	
84	1	0	1	1	1	0	1	1	1	1	1	0	1	0	1	1	0	1	0	0	1	1	1	1	1	1	1	1	1	1	0	1	1	1	0	1	1	1	1	1	0	1	1	1	1	1	0	1	1	1	0	1	1	1	1	0	1	0	1	1	1	1	1	1	1	0	0	1	0	1	0	1	1	1	1	0	1	1	1	1	1	1	1	1	0	1	1	1	1	1	1	1	0	1	1	1	1	0	1	0	
85	0	1	0	1	1	1	1	0	1	1	0	1	1	1	1	1	1	1	1	1	0	0	0	1	1	0	1	1	1	1	1	0	1	1	0	1	1	1	1	1	1	1	1	0	0	1	1	1	1	1	1	1	1	0	0	1	1	1	0	1	0	1	1	1	0	1	1	1	0	1	1	1	1	1	0	1	1	1	1	0	1	1	1	0	1	1	0	1	1	0	1	0	1	1	1	0	1	1	1	1	
86	0	0	1	1	1	1	0	1	0	1	0	1	1	1	1	1	1	0	1	1	0	0	1	1	1	1	0	0	0	1	1	1	0	1	1	1	1	0	0	0	1	1	1	1	1	0	1	0	1	1	0	1	1	1	0	1	1	0	1	0	0	1	1	1	1	1	1	0	1	0	0	1	1	0	0	0	1	1	1	1	1	1	1	1	0	1	1	1	0	1	0	1	1	1	1	1	1	0	1	1	
87	1	1	1	0	0	0	1	1	1	0	1	0	1	1	1	1	0	1	0	1	0	0	1	0	0	0	1	1	1	1	1	0	1	1	1	1	1	1	1	0	1	1	1	1	1	1	1	1	1	1	1	1	1	0	1	1	1	1	1	1	1	1	1	1	1	0	0	1	1	1	1	1	0	1	1	1	1	0	0	1	1	1	1	1	1	0	0	1	1	1	1	1	1	0	1	1	1	0	0	1	
88	1	1	1	1	1	1	1	1	1	0	0	0	1	1	0	1	1	1	1	0	1	0	1	1	1	0	0	0	1	1	1	1	1	1	1	1	0	1	1	1	0	0	1	1	0	1	1	0	1	1	1	0	1	1	1	0	1	0	1	1	1	1	0	0	1	1	1	0	0	1	0	1	1	0	1	1	0	1	1	1	0	1	1	1	1	1	0	1	1	1	1	0	1	1	1	1	1	1	1	1	
89	1	1	0	1	1	0	1	1	1	1	0	1	1	0	0	1	0	1	0	1	1	0	0	1	0	1	1	0	0	0	1	1	1	1	1	1	1	1	0	1	1	1	1	1	1	0	0	1	1	0	1	0	0	1	1	1	1	1	1	1	0	1	1	1	1	0	1	0	1	1	1	0	1	1	1	1	0	0	1	0	0	1	1	1	1	1	1	1	1	1	1	1	0	1	1	1	1	1	0	1	
90	0	0	1	0	1	1	1	1	1	1	1	1	0	1	1	0	1	0	0	1	0	1	0	1	0	0	1	1	1	0	1	1	1	1	1	1	1	0	0	0	1	1	1	1	0	1	1	1	0	1	0	1	1	1	1	0	1	0	1	1	0	0	1	0	1	1	1	1	0	1	1	1	1	1	1	1	0	1	1	0	0	1	0	0	0	1	0	0	0	1	1	1	1	1	1	1	0	1	1	0	
91	0	1	0	1	1	0	1	0	1	1	0	1	0	1	1	1	1	1	0	1	1	0	1	1	0	1	0	1	1	1	1	0	1	0	0	1	1	0	0	1	0	0	0	1	0	1	1	1	0	0	0	1	1	0	1	1	0	1	1	1	1	1	1	1	0	1	1	0	1	0	0	0	1	0	1	1	1	1	0	0	1	0	0	1	1	1	1	1	1	1	1	1	0	1	1	1	1	1	1	1	
92	1	1	1	1	1	1	1	0	1	1	0	1	0	0	1	1	1	1	0	1	1	1	1	1	1	0	1	1	0	0	1	0	0	1	1	1	0	1	0	0	1	1	0	1	1	1	1	1	0	1	1	0	1	1	1	1	0	0	0	0	1	1	0	0	0	1	1	1	1	1	0	1	0	1	0	1	0	1	0	1	1	1	1	1	0	1	0	1	0	1	1	1	1	0	1	1	1	1	1	0	
93	1	0	1	0	0	1	0	1	1	0	0	1	1	1	1	0	0	1	1	1	0	1	1	0	0	0	1	1	0	0	1	1	1	1	1	1	1	0	0	1	1	1	0	1	0	0	1	1	1	1	1	1	1	1	1	1	0	1	0	0	1	1	1	1	1	1	1	0	0	0	1	1	1	1	0	1	1	1	1	1	1	1	0	0	0	1	0	1	1	1	1	0	0	1	1	0	1	1	1	0	
94	0	1	1	1	0	1	1	1	1	1	0	1	0	1	0	1	0	1	1	1	1	1	0	1	1	0	1	1	1	0	1	1	1	1	0	1	1	1	1	1	1	1	1	1	0	1	1	1	1	1	0	1	1	1	1	1	0	0	1	1	0	1	0	0	1	1	1	1	1	1	0	1	0	1	1	1	1	1	0	1	0	0	1	1	1	1	1	0	1	1	0	0	1	1	1	0	1	1	1	0	
95	1	0	1	1	1	0	0	1	1	0	1	0	1	0	1	1	0	0	0	1	1	1	1	1	1	0	0	1	1	1	0	1	0	1	1	1	1	1	1	1	0	1	1	0	1	1	0	1	1	0	1	1	1	1	1	0	1	0	0	0	1	1	1	0	1	1	1	1	0	1	1	0	1	0	1	0	1	0	1	1	1	0	0	1	0	1	1	1	0	1	1	0	1	1	0	0	1	1	1	0	
96	1	0	1	0	1	1	0	0	1	1	0	0	1	1	0	0	0	1	1	0	0	1	1	1	1	0	1	0	1	1	1	1	1	1	1	1	1	1	1	1	1	0	0	1	0	0	0	0	1	0	1	0	1	1	1	1	0	0	1	0	1	0	1	1	0	1	1	0	0	1	1	0	1	1	1	1	1	0	1	1	1	1	1	1	0	1	1	1	1	1	0	1	1	0	1	1	1	1	1	1	
97	1	1	1	0	0	1	1	0	0	1	1	1	1	1	1	0	0	0	1	0	0	0	1	1	1	1	0	0	0	1	0	0	1	1	1	1	0	0	0	0	1	0	1	0	1	1	1	1	1	0	0	1	0	1	1	0	1	0	1	1	1	0	1	1	1	1	1	0	1	1	1	1	1	0	1	0	0	0	1	1	1	0	1	1	1	1	1	1	1	1	1	1	0	0	0	0	1	1	1	0	
98	1	1	1	0	1	1	1	0	1	1	1	1	0	1	1	1	1	1	0	1	1	0	1	1	1	1	1	1	1	0	1	1	1	1	1	1	1	0	0	0	1	1	1	1	1	1	1	1	1	0	0	0	1	1	1	0	1	1	1	1	0	1	1	1	1	1	1	1	1	0	0	0	0	1	1	1	0	1	0	0	1	1	0	1	0	1	1	1	1	0	0	1	1	1	1	1	0	1	1	1	
99	0	0	1	1	0	0	1	0	0	1	1	1	1	0	1	0	1	1	1	0	1	0	1	1	1	1	1	1	1	0	1	1	1	0	0	1	1	0	0	1	0	1	1	1	0	1	1	1	1	1	0	1	1	1	1	1	1	0	1	0	1	1	1	1	1	1	1	1	1	1	1	0	0	1	1	1	1	1	0	1	0	1	1	1	0	1	1	0	0	1	1	1	1	1	0	0	1	0	1	1	
100	0	1	1	1	1	1	1	0	0	1	1	1	1	1	0	0	0	0	1	1	1	1	0	1	0	1	0	1	1	1	1	0	1	1	0	1	1	0	0	0	1	1	0	0	1	0	1	0	1	0	1	1	0	1	1	0	1	1	0	1	1	1	1	0	1	1	1	1	1	1	1	1	0	1	1	0	1	0	1	0	1	0	1	0	1	1	1	1	0	0	1	1	0	1	1	1	0	0	1	1	
;																																																																																																					


param custos :	1	2	3	4	5	6	7	8	9	10	11	12	13	14	15	16	17	18	19	20	21	22	23	24	25	26	27	28	29	30	31	32	33	34	35	36	37	38	39	40	41	42	43	44	45	46	47	48	49	50	51	52	53	54	55	56	57	58	59	60	61	62	63	64	65	66	67	68	69	70	71	72	73	74	75	76	77	78	79	80	81	82	83	84	85	86	87	88	89	90	91	92	93	94	95	96	97	98	99	100	:=
1	79.3	0	30.6	0	64.9	0	59.1	77.4	30.5	142.6	20.3	117.1	0	0	0	67.1	0	21.9	125.5	0	35.7	0	0	34.3	59.4	110.7	55.4	118.2	136.5	17.6	141.6	0	115.8	0	45.3	0	42.5	90	101.9	26.3	60.8	0	8.6	78.9	76.3	0	104.5	0	129	104.2	134.7	0	0	45.2	0	0	0	81.2	114.1	9.1	117.6	0	137.2	24.7	72.4	0	56.5	45.6	116.2	61.2	41.7	38.3	0	69.1	70.7	0	54.4	138.4	0	0	0	136.1	29.4	96.8	0	134	102.1	134.3	49.6	67.2	20.9	109.3	0	34.2	0	0	76.5	142.9	5.9	0	
2	41.4	59.1	95.8	71.8	33.6	67.7	44	2.5	111.6	0	108.6	46.8	107.1	0	0	16.3	0	31.5	17	74.9	126.2	20.8	6.1	99.1	0	123	76.5	27.9	74.6	0	15.5	79.9	137.9	24.5	57.6	51.1	86.8	139.7	0	13.5	33.6	39.7	0	19.2	70.6	0	115	22.8	18.3	134.3	61.9	5.4	5.4	0	17.2	119.5	28.8	12.3	109.1	0	117	19.8	68.7	2	45.8	23.6	86.4	17.3	12.8	0	0	18	77.6	41.7	99.7	111.4	24.9	109.3	14.9	0	65.7	4	0	138.7	0	39.3	68.1	0	0	122.2	56.3	126.8	0	21.6	0	0	141.5	0	37.5	88.2	
3	0	142.7	61.8	0	0	137.5	0	138.2	1.4	83.3	41.2	0	39.3	0	115.6	112.2	142.3	65.1	0	42	126.3	63	0	48.9	28.3	124.8	24.3	106.5	0	92	0	0	64	109.3	130.8	0	0	0	0	142.6	0	59.6	0	80.9	97.7	69.6	0	19.6	29.2	0	0	0	0	0	0	92.7	0	91.6	104	75.8	118.3	104.7	6.7	61.5	65.5	121.6	0	140.2	85.6	0	0	74	142.9	115.6	56.6	23.7	0	0	91.5	86.1	13.6	36.5	0	130.3	2.3	1.3	28.1	102.1	5.9	24.7	116.7	137.3	30.8	0	0	135.3	0	0	3	103.8	
4	116.8	0	0	0	5.3	24	66.1	7.1	123.6	94.9	99.9	103.3	96.2	19.7	0	0	0	55.3	124.7	126.9	0	103.4	30.9	115.2	0	22.5	0	31.2	83.8	3.7	72.6	0	0	45.6	83.2	93.5	40.1	95.6	142.7	0	0	139.9	5.9	6.4	62.7	47.9	105.3	0	0	1.8	10	0	0	119.4	0	0	0	125.6	69.3	42.3	0	111.4	92.9	0	134.6	134.4	110.6	0	0	63.6	101.8	130.1	105.8	59.1	134.7	0	72.3	124.7	55	13.1	110	0	47.9	90	3.8	125.6	100.6	107.1	60.8	131.1	24.1	84	5.9	22.5	0	114.8	138.1	0	30.2	0	
5	70.6	0	23.9	140.5	5.6	122.9	39.4	0	120.4	140.5	123	123.2	48.2	75.2	104.4	42.7	70.7	43	0	90.9	68.5	0	125.2	25	0	138.5	98.3	23.7	0	0	124.3	112.9	91.1	0	125.6	1.8	54.7	67.7	58.3	20.5	4.4	0	45.1	29.1	141.2	53.3	86.1	85.1	82.9	123.1	66.2	0	6.2	9.7	116.3	111.3	141.4	7.8	111.3	53	136.9	86.7	136.9	0	72	76.9	63.4	130.5	37.6	122	104.6	93.5	72.1	70.6	0	0	49.3	125.9	0	33.6	33.2	5.2	35.5	0	9.5	24.6	69.6	85.2	48.1	102.1	129.7	0	5.7	80.3	0	32.2	111.7	0	0	0	
6	7.4	10.9	34	73.8	0	0	40.2	10.7	0	0	38.3	114.2	29.9	0	23.8	115.8	104.5	138.7	32	49.1	98.9	72.2	135.9	12.6	36.7	136.3	132	0.6	105.6	79.8	24.9	0	51.3	0	33.1	39.3	96.2	127	52.4	31.9	77.7	0	70.4	15.7	0	101.1	70.4	0	34	51.4	0	0	3.7	103.2	0	4.4	52.6	13.9	29.8	70.7	0	0	0	138.2	9.7	0	57	115	0	0	0	60.5	121.1	100.9	57.8	0	26.7	93.1	130.5	118.7	136.1	39.1	4.1	115.9	140.9	33.4	0	86.9	0	0	48.4	142.7	59.3	74.1	79.9	38.7	5	47.8	32.4	45.2	
7	2.5	134.8	27.6	48.2	91.3	67.9	0	0	4.9	24.2	110.6	133.5	16.8	36	0	0	0	16.3	97.9	0	45.9	104.8	0	118.1	25.4	79.6	14.4	136.8	48.9	104.8	94.3	97.1	61.7	0	62.3	0	102	135.3	90.7	68.7	116.7	84.5	139.7	0	0	130.2	51.1	135.1	40.8	0	124.6	76	98.5	136.6	130	43	0	62.1	62.9	85.8	54.1	87.1	4.7	0	82.4	107.3	73.6	47.7	89.8	61.4	0	49.8	7.6	48.6	35.2	7.4	122	46	0	0	30.1	37.3	123.7	91.4	136	107.2	0	0	0	127.3	129.6	62.1	117.4	0	53.7	0	0	91.4	0.9	56.8	
8	0	49.8	75.6	0	48.8	0	132.7	0	125.4	103.6	125.5	118.5	105.9	0	42.9	101.5	0	0	85.7	70.3	131.1	0	60.9	91.9	1.3	54.4	48.5	42.2	23.3	101	125.3	0	90.8	0	0	28.8	0	14.7	0	0	24.6	0	100.9	111.8	3.2	5.6	16.4	0	48.7	76	45.3	85.8	17.2	70.6	23.4	0	130.5	8.1	133.2	77.4	0	43.4	121.7	0	0	47.6	4.1	49.2	122.4	26.3	91	52.5	31.4	0	11.6	2.1	90.6	0	21.2	0	118.1	0.9	55.2	101.2	56.8	0	0	94.6	104.4	125.8	126.2	8.1	0	101.5	71.4	57	0	0	120.1	49.6	
9	0	25.9	117.1	63.1	75.4	11.6	0	138.8	41.9	76.8	0	20	12.3	67.7	47.2	8.9	69.2	0	78.5	0	86.6	31.2	44.9	0	58.4	141.4	89.5	44.4	119.9	60.6	43.5	125.1	0	0	33.3	30.9	82.9	102.8	72	127.1	119.6	42.9	48.7	69.6	23.8	123.3	95.3	49.5	0	0	16.8	86.9	117.5	0	34.7	0	0	136.3	100.3	0	69.4	0	109.4	138	61	72.9	128.4	57.2	0	0	40.4	0	118.7	130.1	15	0	0	0	124.8	13.7	131.1	56.7	105.5	0	60.4	141.5	131	30.1	140	76.2	69.2	70.9	0	23.2	133.9	132.9	139.5	0	132.9	6.6	
10	0	112.3	95.3	17.2	88.6	67.7	114.6	32.1	26.3	135.8	97.1	0	0	0	103.8	31.6	141.7	63.7	69.4	0	0	48.1	0	0	0	112.9	111.4	0	68.8	0	0	115.6	87.4	72.6	24.5	103	0	28	37.3	72.7	120.9	9.3	28.7	66.4	51.6	0	116.9	0	0	115.1	0	113.6	32.6	72.4	48.1	112.4	118.2	76.6	133.3	0	66.7	0	22	0	31.6	0	66.2	0	0	124.6	0	132.2	91.7	13.8	74.4	21.3	60.2	0	0	128.5	67.5	0	69.1	123.6	2.2	0	7.9	137.8	0	99.3	80.8	0	41.8	5.5	0	11.1	138.2	55.3	65.5	0	
11	0	126	0	0	0	32.1	21.5	96.4	123.7	0	29.4	0	0	0	111.7	45.9	126.6	39.4	79.8	86.3	52.4	0	55.5	0	66.3	107.9	39	138.4	92.4	17.1	0	0	0	113.1	92.6	0	0	33.5	130.7	124.7	18.5	0	78.1	68.8	44.1	0	4.7	0	0	104	17	0	0	137.9	0	5.9	65.3	44.6	8.4	34.2	90.7	61.3	0	53	33.1	62	124.2	0	62.9	92.8	0	80.5	98.6	42.2	81.3	0	95.5	45.8	100.1	85.7	69.9	85.6	106.7	113.4	0	38.8	0	11.3	61.5	131.9	27.5	34.4	54.5	0	121.3	41	52.4	37.9	71.9	28.4	
12	108.5	83.4	0	0	0	102	60.7	0	84.7	0	0	0	134.1	132.6	114.8	0	101.9	0	0	54.4	115.8	4	0	112.1	0	9.2	63.3	74	60.2	0	29.3	0	82.4	12.8	2	99.5	23.6	0	69.7	0	21.1	0	131.9	34.2	109.5	134.5	142.3	76.3	0	127.3	0	90.3	56.1	0	0	61.2	0	113.4	0	0	52.2	110.6	115.1	96.8	142.9	108	140.2	100.2	10.5	47	76	53.6	65.1	84.5	79.1	49.2	96.3	44.3	0	0	51.1	91.3	0	115.1	0	28.6	96.9	4.9	20.8	0	0	0	0	98.9	0	99.3	0	93.4	87.2	55	
13	78.1	0	113.5	0	56.9	0	0	0	115	120.7	97.8	122.2	133.1	7	67.5	89.7	129.2	16.9	9.9	51.5	0	0	0	0	32.1	0	123	3.2	0	127.5	91.5	0	66.1	0	0	2.8	112.7	0	0.4	26.1	0	49.7	139.6	43	55.5	0	0	63	0	101.9	49.1	18.8	75.2	88.6	56.3	39	116.4	122.7	130.8	127.5	0	103.2	78.4	0	0	120.8	0	0	76.5	38.6	47.9	139.3	34.8	0	113	21.3	0	116.1	35.3	74	101.1	13.1	102.2	40.7	0	119.2	0	10.7	65.2	0	0	55.3	41.2	96	130.1	106	132.4	104.1	138	0	
14	0	31.5	34	9.5	112.6	0	0	25	83.4	0	91.2	0	28.3	25.7	100.3	0	0	0	46.7	135.9	10.7	65.8	31.8	66	0	60.9	104.3	44.2	9	46.8	101.9	0	97.2	88	0	135	107.1	18.5	0	58.2	0	128.6	0	124.6	0	12.7	87.2	0	17.4	94.5	123.4	1.8	0	78.1	0	0	56.3	40	54.1	0	15.8	108.2	0	0	0	52.7	0	0	0	77.9	141.2	0	0	0	67.4	45.4	0	0	107.6	0	0	138.6	94.3	130.1	0	25.8	116	137.1	49.7	46.9	63.1	50.2	52.2	22.1	0	42.5	112.8	135	0	56.7	
15	140.6	97.1	55.4	38.6	104.1	127.9	135.8	9.8	71.8	84.7	32.6	141.8	81.5	87.3	0	131.1	10.6	88.8	7.1	33.8	65.3	0	0	119.5	0	101.2	0	141.6	21.9	48.5	0	102	74.4	52.6	0	0	86.2	0	23.2	136	0	129.4	51.9	26.2	34	87	140.9	111.3	0	98.8	0	1.3	70	0	14.6	63.5	0	61.9	122	72.9	77.7	0	51.4	68.8	4.3	50.9	31.8	39.4	86.2	0	58.4	68.7	0	97.9	121.9	110.7	27.5	84.4	0	62.2	66.3	43.9	8.7	84.7	0	62.6	8.2	0	0	81.6	0	76.9	61.4	124.8	0	0	68.6	57.4	74.9	0	
16	20.5	132.1	70.8	113.6	65.5	93.7	46	60.1	16.2	0	0	63.5	33.2	0	53.6	43.4	14.1	142.2	74.5	132.1	134.9	31.8	87.3	43.7	99.3	91.6	104.3	68.4	64.7	111.7	13.5	128.1	55.2	0	113.3	1.9	137.8	0	106.4	37	90	0	19.4	20.4	84.2	0	46.3	0	3	0	104.2	0	107.7	47.1	44.2	42.1	119.7	120.1	0	58.3	0	9.5	0	55.1	0	0	124	76.4	0	130.7	0	110.3	80.8	91	23.5	79.2	109.6	2	92.8	50.8	0	28.7	61.4	1.1	0	120.2	87.2	0	100.5	0	0	0	73.5	7.1	0	118.3	70.9	33.2	0	16.6	
17	0	84.1	38.6	84.1	0	0	104.8	140.7	51	62.3	78.6	0	67.4	89.9	42	87.7	50.9	115.6	0	137.4	0	43.3	0	11.8	33.4	0	0	141.8	81.6	0	80.6	96.5	81.5	127.9	139.5	0	53.2	0	12.8	28.2	142.8	31.8	0	113.9	56.9	0	139.5	112	114.1	0	0	0	0	0	75.4	36.5	44.6	41.4	9.4	0	139.5	2.1	3.7	100.8	21	138.6	65.8	21.7	0	126.6	103	96.1	120.9	0	92.3	2.4	47.3	0	0	0	0	0	26.1	139.6	131.9	0	55.7	76.5	35.2	0	1.9	4.7	104.6	123.6	0	23.4	21.8	68.2	133.2	0	
18	103.9	44.9	0	8.9	119.3	0	124.4	74.8	0	0	0	61.8	0	0	0	66.9	0	87.9	0	138.6	0	53.1	38.4	55.1	103.6	23.8	0	0.9	125	81.8	102.6	41.5	0	0	0	29.6	107.2	0	43.4	137.2	0	117.9	72.8	96.7	0	0.5	115.9	0	0	107.8	0	118.4	39.3	2.8	24	142.2	126.5	135.3	113.6	0	86.1	11.7	0	79.9	139.9	0	0	17.4	107.5	14.5	0	35.1	126.5	65.3	0	70.5	23.1	22.6	61.2	8	0	20.7	0	0	15.1	57.6	142.2	114.5	2.4	21.8	46.8	132.3	5	101.3	59.2	0	52.7	4.9	0	25.2	
19	96.6	58.6	85	138.8	113.3	0	0	113	55.1	14.9	142.8	0	1.6	0	89.9	74.5	68.7	9.7	73.9	95	0	0	110	133.9	39.6	54.3	33.2	0	21.1	94.3	95.2	50.3	120.9	133	9.3	0	86.2	127.1	0	19.4	93.8	0	106.1	62.2	0	37.4	0	22.7	0	9.3	0	114.1	0	50.2	41.5	0	107.9	0	6	28.2	66.9	0	0	127	92.7	6.3	62.6	51.7	92.8	133.2	0	0	6.7	71.3	20.7	57.7	0	109.4	0	43.9	65	0	114.3	99.6	140	0	4.5	0	51.2	43.3	130.4	0	70.1	0	1.8	0	11.8	117.8	74	84.8	
20	47.4	57.9	34.8	0	112.2	123.7	0	129.6	42	0	0	0	44.5	0	79.7	44.1	45.7	0	0	33.5	7	37.2	123.9	58.9	109.2	27.6	0	0	84.2	45.6	49.3	49.9	44.8	44.5	93.7	0	31.6	41.3	11.2	30.4	0.3	108.3	8	0	60	0	80	8.1	111.8	104.2	0	0	93.7	0	55.9	46.4	61.3	0	0	65	10.2	0	0	0	108.4	101.3	5.9	8.2	2.4	0	0	135	0	21.3	40.7	58.7	36.5	59.3	38.7	24.6	131.8	80.8	88	0	41.3	23.1	16.5	0	5.1	0	0	86.5	0	0	48.1	108.3	123.2	0	0	0	
21	93.9	43	22.3	82.4	75	90.6	58.5	130.9	115	130.9	1	6.9	3.8	127	114.1	73.8	129.1	17.1	48.7	31.4	59.2	126.2	0	0	0	0	0	124.3	34.4	122.1	6.1	137.8	46.8	46.8	53.8	84.1	123	0	11.1	29.6	15.5	30.5	12.2	42.5	110.8	89.2	9.7	44.6	65.5	73	0	48.5	0	0	18	0	0	18	104.4	5.3	22.8	0	56.7	108.9	100.8	0	83.7	52.9	62	92.6	0	113.4	94.2	57.4	8.6	83	122	0	0	5	68.8	0	13.3	74.3	82.5	0	0	81.8	0	0	32.4	35.6	0	55.2	53.3	39	0	0	0	0	
22	0	32.6	131.4	0	69.7	0	1.4	128.5	0	120.7	106.5	0	47.6	121.7	74.1	71.6	60.8	132.9	106.8	65.1	130.5	104.5	60.5	50.9	116.4	85.5	82.2	98.8	32.5	26.8	134	0	0	67	124.8	4.1	0	0	9.2	88.7	120.3	0	127	118	134.8	89.1	120.3	87.3	78.2	35.4	0	0	0	0	15.8	21.7	59.1	85.6	101.5	67.2	12.1	0	0	101.5	73.6	91.2	77.4	0	0	120.9	119.2	72.6	0	0	0	101.4	57.6	0.4	26.7	66.6	91	0	0	46.1	16.9	28.5	0	49.5	36.5	5.5	19.3	25.2	27.8	7.6	128.9	102.4	125.3	0.1	0	55	
23	31.2	74.7	78.8	97.9	0	102.7	0	0	41.7	89.1	70.8	55.7	0	0	46.4	112.2	0	74	119.6	0	28.5	16.1	68.7	57.2	30.7	0	0	0	130.1	108.1	42.3	0	0	20.4	33.6	0	0	95.8	0	0	102.4	14.6	111.8	16	6.2	0	58.1	24.7	0	70.8	19.9	0	37.7	0	0	68.6	80.7	82.1	41.9	0	110.9	125.5	33.1	130.8	0	16.2	37.3	55.1	0	79	0	36.2	111.6	33	55.6	0	73.1	0	39.1	79.8	62.8	107.2	105.6	13	1.7	0	103.4	0	129.1	26.9	122.4	139	0	0	19.6	140.7	132.8	6.7	37.1	130	
24	51.6	0	134.1	92	118.1	0	43.2	5.1	62.3	5.3	140.4	32.5	115.9	1.1	81	0	48.8	90	0	21.9	72.5	0	0	109.9	0	0	0	0	35.2	117.6	116.6	0	0	0	117.7	136.7	0	9.4	106.9	125.6	96.3	102.1	0	112	72.4	113.7	133.6	0	115.3	13.8	0	49	0	27.7	22.8	0	0	28.2	0	0	94.2	127.9	0	91.9	0	112.5	100.8	26.8	7.4	102.7	0	73.3	5.9	0	0	0	118.7	111.8	142.4	33.5	19.4	60.8	86.5	118.5	13.8	0	96.2	0	0	0	18.9	2.3	107.7	9.8	42.8	141.1	66.2	48.8	86.5	86.9	
25	0	0	135.2	0	71.6	0	140.4	136.6	98.4	0	0	0	82.9	0	0	43.5	12.7	0	35.8	88.8	56.9	41.9	116.1	72.1	1.9	95.1	70	82.6	119.3	120.6	69.8	0	27.7	75	8.7	25.4	132	0	139	35.9	35.1	48.1	70	132.7	0	86.9	0	114.3	84	60.7	18.8	122.9	0	5.5	0	50.3	0	0	128.5	17.7	0	6.9	0	0	141.5	127.8	0	115.5	123.3	0	0	113.5	73.4	0	13.1	9.6	0	0	15	121.4	88.7	0	95.1	134.2	100.5	0	90.5	122.2	0	129.6	103	64	0	11.5	71.5	23.7	142.8	89.5	98.1	127.2	
26	35.4	74.7	82.8	125.3	142.7	115	115.2	32.1	90.5	47.5	64	66	137.1	0	0	0.8	62.1	0	76.4	68.9	0	117.5	0	0	99.1	76.6	141	92.9	69.7	64.2	66.8	0	60.8	123.5	134.5	61.8	0	63.7	0	106.3	128.6	0	106	6.3	38.2	46.5	0	110.3	116.5	71	0	141.3	0	0	87.5	68.1	68.4	11.9	10.6	71.7	0	0	137.3	0	32.3	84.8	92.1	113.8	99.4	94	66.8	0	17.8	71.3	66.2	82.5	21.1	46.8	0	0	25.7	132.9	55.9	65.7	0	85.4	0	0	114.5	110.1	48.9	99.4	120.8	120.3	0	0	64.8	112.3	0	46.6	
27	129	51.3	68.5	32.5	0	102.2	8.7	116.6	133.7	140.7	0	140.4	21.7	52.5	0	0	123.3	0	51	85.8	28.2	1.9	51.4	20.5	0.6	75.7	137.1	25.6	0	55.6	11.2	13.9	83.6	17	0	0	51.5	0	0	0	136.6	45.4	48.8	27.2	0	41.2	10.4	85.6	120.7	59	0	48.2	127.9	55	0	53.5	27.2	0	108.1	91.9	0	37.1	55.9	98.2	0	61	113.4	33.3	60.5	82.1	37.8	0	0	110.6	0	0	109.2	0	59.9	0	56.7	128.5	60.3	70.4	92.1	81.3	28.1	0	0	29.3	138.3	92.7	32.8	19.1	0	110.4	20.8	121.8	49.6	90	
28	12.7	56.7	53.5	0	6.6	131.7	73.9	49	26.3	62.9	0	0	73.5	0	60.3	0	139.2	86.9	111.2	98.4	0	0	132	128.3	0	72.8	130.4	76.2	8.6	139.8	110.5	85.9	46.7	0	48.5	137.5	53.5	1.1	24.8	93.2	6.9	66.1	0	77	80.4	42.9	0	23.5	32.3	116.7	0	65.7	96.2	0	0	110.6	110.4	13.3	15.2	0	123.9	0	63.1	0	64.4	33.8	68.3	63.1	0	78.3	52.8	0	0	121.5	0	0	32	0	0	99.5	104.5	0	0	0	123	102.2	40.6	58.7	68.8	49.6	0	0	0	126.3	13.6	79.7	0	54.3	68.3	0	
29	70.1	129.2	86.4	37.7	5.7	25.3	8.3	0	119	0	0	41	0	40.2	32	0	67.8	130	71.2	64.6	132.7	83.6	29.1	112.8	0	136.4	93.2	0	15.4	0	11.2	125.4	0	121	33.8	0	0	128.1	142.8	46.9	111	1	6.5	31.1	44.7	0	0	0	0	82.6	0	51.7	0	1.9	0	0	0	0	0	40.5	14.2	37.1	0	0	29.8	76.3	88.8	17.3	95	78.2	0	0	0	111.6	13.1	136	42.3	96.8	57.4	66.9	0	0	17.3	78.5	0	113.9	0.2	51.3	108.9	24.5	102	43.5	0.4	0	37.4	0	15.9	0	0	29	
30	0	77.9	127.1	111.7	129.3	0	0	74.5	0	132.1	59.9	0	76.5	0	26.2	25.6	118.6	0	102	133.1	0	20.6	0	124.6	126	112.7	0	0	97.4	132.5	25.5	23.9	0	0	14.6	104.9	51.4	35.2	0	0	9.5	41.1	81.8	7.6	135.8	107.8	0	109.6	7.7	0	112.1	75.6	20.6	34	5.2	0	72.2	27.5	108.4	69.1	0	0	39.9	79.5	90.2	93.7	123.1	0	0	118.1	110.2	10.5	133	0	0	0	0	6.2	107.8	124.9	36.9	11.7	126.8	94.9	20.2	0	99.5	53.2	0	42.1	133.9	128.1	99.4	75	103.1	101.2	56.9	20.6	51.3	29.5	
31	132.2	100.7	0	0	0	0	83.8	0	124.7	120.7	0	37.4	102.1	96.6	36.9	117.8	142.9	0	0	97.5	5.2	0	68.6	0	78.6	74.9	77.1	38.8	54.3	0	132	0	61.5	95	0	0	0	0	53.5	45.8	0	115.7	0	140.3	37.5	0	0	79.8	0	0	0	51.1	0	0	115.8	0	41.8	70	0	140.5	128.7	0	0	0	43.3	30.2	3.4	31.2	99.7	42	120.7	0	4.6	0	0	0	0	58.9	117.1	0	12.6	67.7	14.5	0	0	0	0.2	86.4	137.3	0	0	0	0	12.6	0	0	23.5	106.9	44.9	109.7	
32	0	80	0	0	80.9	21.8	115.7	77.6	0.7	0	80.3	0	77.9	0	0	102.6	90.2	110.6	111.3	140.7	0	92.3	0	46.5	62	0	0	0	0	48.5	0	69.9	0	0	2.8	0	0	0	129.7	92.4	42.6	120.7	93.9	49.7	0	0	38.6	133.5	113.3	124.1	0	0	139	139.7	109.2	0	31.9	0	0	125.1	88.4	32.2	13.2	7.2	121.6	128.1	131.3	0	0	43	38.3	0	142.4	0	0	85.7	0	0	0	39.2	0	0	112.3	0	0	0	106	0	0	11	93.7	0	86.3	109.2	104.8	72	132	116.5	24.6	0	
33	0	0	32.4	39.6	107.6	45.3	89	0	0	112.1	69.6	0	0	86.8	4.3	112.8	0	10.5	26.5	0	0	12.5	0	131.1	94.2	0	75	100.7	0	130.5	112.1	131.9	59.7	62.4	53.7	0	138.1	9.3	12	47.6	0	4.4	10.1	0	32.3	46.9	137.7	0	26.6	125.4	85.1	35.9	0	79.7	134.7	34.8	96.8	0	69.4	0	0	2.4	1.2	0	103.4	50.5	0	0	0	0	25.1	137.4	58.9	98.4	136.3	94.8	0	0	72.7	80	0	74	0	74.9	0	0	21.7	36.6	53.8	2.2	108.7	7.4	0	0	97.6	0	0	47.6	139.6	0	
34	87.9	0	103.3	93.2	0	67.1	134.5	0	43.7	131.5	63.7	18.2	0	3.1	0	0	129.2	91.6	6.9	0	0	94.1	47.5	98.5	34.5	93.6	101.6	0	33.1	57.2	18.6	0	139.1	42.8	114.4	136.2	79.5	37.3	18.3	41.5	134.1	50.3	0	137	0	90.5	0	57.5	4.8	114.4	0	10.6	70.1	102.4	0	11.3	0	27.5	69.9	0	103.3	0	25.6	76.7	78.3	2	67.4	119.3	136.6	56.5	40.2	0	109.9	0	133.1	14.6	28.2	0	72.4	19.9	0	15.2	0	7.8	136.5	32.5	3.7	66.4	27.5	19.8	50.3	104.1	142.6	0	109.3	21	39.9	51.8	12.5	0	
35	82.1	140.2	113.6	81.1	0	104.6	0	0	0	63.3	0	66.6	116.6	104.4	0	0	0	91	76.4	58	5.5	0	0	0	17.1	118.3	72.3	0	94.8	15.9	0	60.6	107.6	0	32.7	0	0	18.6	48.6	0	71.8	51.5	34	0	80.6	0	0	99.6	93.9	35.9	73.1	91.1	10.5	0	0	101.7	0	0	0	37.7	0	6.3	86	33.3	0	47.2	4.8	69.6	0	94.5	22.9	22	0	82.3	47	28.5	34.3	28.9	48.9	137.3	32.6	43.7	109.9	26.5	77.3	27.2	93.2	16.4	20.3	0	89.4	102.6	114.1	80.1	0	67.1	15	128.1	52.5	60.4	
36	71.4	0	104.4	87.9	0	0	69.8	81.5	56	9.3	0	27.7	33.9	90.6	128.3	22.8	59.3	0	0	0	127.5	0	0	9.4	0	0	0	71.5	0	0	0	0	8.2	0	108.1	140.6	0	4.4	57.1	90.2	17.7	95.5	17.4	3.3	134.5	50.7	21.3	0	0	87.9	46.2	0	0	23.2	0	13.2	46.5	23.7	25.1	61.9	88.2	11.1	0	0	0	108.1	81.6	0	0	103.2	38.3	0	28.4	81.4	74.4	59.7	85.5	136.4	128.3	49.9	54.6	0	82.5	136.5	37.4	93.5	101.9	107.9	0	0	0	0	97.9	0	131.7	90	0	18	99.4	0	
37	86.7	14.8	83.3	84.7	3.9	66.1	49	32.3	119.3	106.9	95.9	102.5	47.4	138.2	115.9	133.4	0	7.4	60.8	0	42.1	38.5	5.4	0	71.2	0	123.5	116.7	41.2	83.7	126	0	0	6.4	0	113.4	114	23.3	91.4	118.2	0	34.7	23.1	5.8	69.3	65.2	0	0	81.6	43.1	121.3	44.1	0	0	105.2	65.9	5.6	0	65.4	114.9	75.4	100.8	122.4	62.5	136.8	0	92.1	16.7	135.6	68.8	70.9	0	105.1	72.1	53.8	51.7	87	91.7	119.5	64.8	0	135.7	93.4	84.4	0	61	18.7	41.7	81.9	0	77.9	54.2	113.6	0	33.1	82.5	62.4	2.4	0	0	
38	0	125.9	0	97.1	0	82.2	97.6	0	79	140.9	0	96.5	83.4	0	0	6.9	106	10.3	39.2	132.4	112.7	47.7	58.8	38	68.5	127.9	107.6	0	0	0	64.7	115.9	4.9	0	120.6	127.4	55.2	103.7	76.4	0	76.5	63.2	1.3	0	52.2	133	36.2	59.5	57.9	106.8	56.6	49.5	0	130.1	0	0	0	104.1	0	87.6	0	74.6	0	0	0	0	123.2	0	55.4	0	89.7	129.8	0.1	128.1	0	72.4	13.2	141.6	0	0	133.2	34.2	0	133	125.4	0	29.7	44.2	0	30.4	97.1	130.3	53.8	55.3	0	59.8	74.7	125.9	76.3	72.4	
39	0	28	66.5	0	7.5	115.3	0	16.3	1.1	21.5	8.6	112.7	8.7	124.5	0	1.3	17.9	0	21.2	90.3	40.9	77.2	135.4	32.1	0	136.3	81.2	129	5.9	0	0	0	135.4	0	70.9	114	61.6	92.7	44.2	0	0	19	0	26.7	25.1	131.4	83.6	73.2	136.1	0	66	0	39.7	0	30.1	139.1	84.6	0	2.3	0	22.5	39.4	91.8	94.5	94.8	22.4	0	22.9	0	115.8	60.6	49.4	0	0	133	125.9	2.6	0	126.7	100.3	0	0	94.6	0	122.2	0	136.9	0	124.9	132.7	0	61	9.7	0	0	0	36	11.8	0	37	
40	16.6	118.7	0	52.5	138.1	10.7	10.2	0	59.8	15.5	105.3	81.4	84.1	49.5	0	3.5	39.3	55.9	33	134.1	0	23.4	0	134.3	102.4	95.6	9.9	120.1	12	0	115.6	12.7	0	0	5.8	41	53.6	21.8	47.6	0	0	2.6	91.3	70.3	127.4	113.9	0	0	0	74.3	138.2	31.8	23.9	49.8	112.2	93.2	70.5	138	47.3	8.5	55.2	84.9	83.4	126.4	128.8	135.6	0	60.8	86.8	54.6	9.4	20	0	20.3	49.5	130	0	109.1	37.6	71.1	27.6	10	12.1	0	54.5	0	0	0	0	0	0	0.6	86.9	0	43.5	73.1	42.5	45.6	93.7	0.6	
41	40.4	0	10.4	0	135.2	124.5	63.7	126.7	47.2	48.5	0	135.1	0	116.4	119.7	51.2	0	0	137.2	0	0.5	63.5	49.5	126.5	108	117.9	98.9	0	51.6	0	1.8	64.5	0	81.1	137.1	96.6	4.4	0	142	113.8	0	120.3	132	107.7	37.4	95.3	0	45.4	0	51.3	0	25.5	141.2	141.9	110.6	129.2	72.2	28.8	0	0	131.9	123.1	63.4	89.2	124.7	129.4	52	0	0	109.1	0	125.6	79.3	124.2	94.7	0	108.9	0	138.6	0	114	0	0	0	119.3	132	112.2	136.2	84.1	123.7	0	29.9	41.2	112.1	0	0	111	90.4	94.2	73.4	
42	0	0	0	110.1	0	139	0	0	44.4	0	24	0	138.7	0	81.3	0	0	0	67.6	70.5	5.5	75.9	4.1	0	66.4	0	75.1	80.6	0	0	90.7	108.7	89.7	22.6	0	42.6	0	0	1.6	53.5	76.4	57.6	24	77.5	0	127.9	37.9	0	95.3	90.6	113.2	0	123.6	93.6	4.9	129.8	65.3	0	0	108.7	0	68.4	113.1	98.1	21.8	59.6	2.6	120.3	84.7	67.7	101.6	0	13.5	84.9	48.8	43.5	112.3	140.6	74.8	16	76.1	0	99.7	114.9	0	20	13.1	91.6	0	47.7	116	124.1	129.9	48.2	0	11.4	74.5	81.3	138.1	0	
43	0	0	71.9	71.5	52.2	0	16.5	60.3	0	1.6	27.2	117.5	0	116.2	90.6	132.1	38.8	0	26.8	97.9	46.5	79.8	0	0	0	79.6	0	31.7	8.3	84.6	51.2	0	88.7	141	35.9	27.7	90.4	126.5	0	0	0	141.4	0	66.5	0	28.6	0	0	66.1	54.6	0	125.1	111.2	3.1	0	0	35.7	98.9	1.8	0	138.9	106.4	33.4	5.4	44.1	52.8	132.8	0	13.4	115.9	114.6	16.2	0	38.3	89.7	129.9	97.8	130.2	40	110.6	0	1.8	132.4	79.9	39.2	33.3	98.4	0	66.3	83.6	56.4	127	136.6	63	80.1	56.7	140.1	111	20	102.8	
44	76.5	53.1	0	0	0	64.8	24.4	127	0	87.7	11.5	120.4	20.2	63.2	0	107.6	93.8	0	0	18.9	0	128.5	34.9	0	25.2	113	0	3.2	0	44	86.3	63.6	83.9	56.9	92.9	8.4	58	61.1	40.3	133.6	61.5	0	84.5	39.6	9.7	108.1	55.9	120.5	0	119.6	1.6	0	43.8	9	0	61.5	0	119	61.9	0	25	0	12.6	141.6	22.3	0	0	129	113.9	0	0	11.7	132	98.3	0	72.6	0	53.3	0	31.5	45.4	61.4	10.6	0	140.5	71.4	123.7	30	4.8	0	0	126	0	34.8	0	45.8	35.7	31.4	107.2	113.3	
45	67	37.5	43.9	0	19.9	30.2	41.8	104	134.8	136.3	83.7	23	0	83.8	103.8	0	92.1	72.5	0	43.1	0	64	78.3	79	0	86.6	12.9	0	135.9	81.1	0	36.9	0.1	60.7	0	0	46.3	82.1	58.6	130.9	39.6	0	77.3	14.5	0	70.3	0	0	0	56.1	0	0	39.3	121.6	141.1	102.2	78.5	0	7.9	134.2	68.4	0	0	0	63.9	0	96	54.2	121.9	0	91.1	110.9	0	139.6	0	108.5	135.6	0	46.2	0	0	0	85.3	69.5	78.3	102.1	61.7	47.4	44.7	95.8	0	0	122.5	42.4	0	103.9	127.8	0	0	78.3	
46	11.3	15.4	95.2	87.9	26.6	25.8	92.2	139.6	0	125.6	120.7	56.9	95.6	75.7	0	0	135.7	21	109.3	80.7	0	17.3	0	0	23.1	0	55.4	136.6	0	56.6	17.7	86.4	111.6	73.5	35.9	4.8	111.6	38.1	120.6	116.1	0	93.9	0	17	0	40.1	84.1	70.7	7.7	34.6	63	108.8	67.7	19.3	0	47	44.5	8.3	62.7	62.1	21.9	124.7	0	0	79.3	4.1	29.9	108.9	0	0	72.5	0	0	40.5	127	34.9	0	0	21.5	0	82.1	140.8	83.1	93.2	22.8	0	0	12.1	51.5	4.1	0	0	6.5	0	0	0	0	0	138.6	0	
47	14.2	0	33.9	31.7	21.8	54.1	0	135.9	36.9	89.1	110.5	5.9	122.4	0	54.7	0	0	0	87	27	56.2	71.9	0	0	71.3	126.7	137.3	0	0	60.1	41.9	141.1	16.5	0	0	75.7	0	65.8	0	49.9	66.8	0	0	35	0	28.5	76.1	104.9	32.4	89.1	142.3	0	48.1	42.3	0	33.2	0	0	0	0	0	104.7	0	0	0	0	97.2	108.2	140.9	130.5	99.8	63.5	123.7	45.2	133.4	0	73.7	16.7	46.1	41.9	89.5	72.9	124.5	0	0	110.2	107.5	0	112.3	142.7	0	0	100.7	119.2	83.7	71.5	115.3	108.5	9.7	139.6	
48	3.3	0	26.5	0	54.6	52.8	3.2	105.9	74.8	139.9	29.6	0	0	0	0	0	0	0.5	2.7	128	130.3	0	21.3	0	0	77.2	123.3	35.3	59.5	38.7	21.7	0	20.4	71.9	0	0	8.2	48.5	56.4	0	100.3	0	19.2	131.8	0	84.5	56.6	25.1	0	88.5	8.4	86.1	56.7	87.8	0	35.2	0	58.6	0	0	116.1	10.2	0	104.8	5.1	78.6	93.8	0	101.3	0	10.4	0	87.9	0	11.6	0	91.6	0	3.6	76.5	89.1	80.4	0	40.4	16	0	28.4	0	13.6	0	138.6	127.8	0	17.9	0	33.9	131	12.5	35.2	0	
49	79.2	0	0	81.8	138.4	7.8	81.4	126.1	53.5	100.8	94.7	0.7	5.3	0	9.8	139.1	69.2	38.6	40.9	128.8	0	89.4	35.5	0	0	74.1	0	55.2	0	0	0	85.3	36.1	0	0	4.5	47.6	0	40.1	111.6	71.4	0	82.7	0	23.6	15.1	0	30.9	0	110	0	74.7	102.4	126.8	134.8	0	0	0	0	0	80.8	68	21.2	136.4	0	75.8	135.8	0	0	130.4	67.3	0	0	94.8	42.1	64.5	54.9	102.3	0	36.4	74.7	82.7	0	127.5	20	0	0	30.5	126.8	35.3	92.6	68.2	0	0	0	0	55.3	109.9	11.1	111.5	
50	106	0	0	0	9.9	17.8	43.9	0	103.5	17.3	0	17.6	7	109	0	0	112.8	131.8	86.5	54.3	0	34.1	5.3	85.6	63.9	0	133.7	70.5	106.4	102.7	0	130.1	76.8	0	6.1	12.5	0	0	125.5	7.1	70.3	76.9	26.4	0	132.9	0	56.6	0	0	56.1	134.1	42.9	0	48.9	22.7	0	0	0	78.8	0	91.3	82.6	36.9	105.2	116.4	0	0	28.2	16.8	81.9	0	50.9	0	80.5	0	134.4	13.6	0	141.7	61	33.8	79.8	32.6	108.8	0	0	125.8	95.5	106.3	84.4	0	126	109.4	94.4	79.9	134.5	142.2	0	0	56.6	
51	0	110.2	78.3	78	64.7	104.2	0	114.7	18.7	139.6	132.6	0	29.4	63.2	131.5	89.8	128.1	0	125.5	0	0	0	66.2	0.7	0	89	113.5	0	0	18.2	0	34.6	106.2	0	0	81.4	104.3	107.4	135.4	141.1	10.2	0	0	27.3	35.2	54.4	128.6	25.2	43.6	0	138.5	92.2	136	49.5	60.7	0	0	30.4	18.9	0	106.5	0	0	31.1	98.3	0	94.4	0	80.6	119.6	4.4	0	95.7	0	0	131	66.1	18.5	0	99.8	81.9	86.3	0	0	0	82.6	62.8	67.8	49.6	77.5	139.2	126.3	122.3	120.6	99.2	20.7	0	3.6	10.9	54.6	
52	104	23	0.6	97	105.5	0	62.4	55.9	116.6	0	62.2	76.5	92.4	18	48.3	68.9	0	60.5	22.1	83.3	118.1	16.4	139.4	0	93	134.2	0	0	65.6	67.2	137.8	0	73.9	0	0	17.7	84.3	0	46.3	0	24.3	75.1	0	62.7	48.1	53.6	0	115	50.8	0	0	79.3	137.4	0	114	11.5	73.3	51.2	0	119.1	142	0	0	113.4	0	54.5	0	79.5	94.5	0	31.3	0	5.1	73.6	73.9	104.3	0	0	0	0	102.3	0	53.5	26.5	94.4	0	0	42.5	0	110.9	0	136.9	24.8	0	0	141.9	141.7	12.9	76	6.3	
53	8.8	97.3	61.2	0	0	0	6.3	72.5	0	63.9	61.6	44.8	0	21.8	82	95.7	64.1	73.5	90.7	67.2	99.3	0	0	9	73	8.7	85.9	63.9	62.2	30.8	112.6	24.1	0	110.9	42.7	127.5	45.2	0	71.5	140.6	48.3	87.1	71.8	0	99.6	138.3	40.1	96.4	0	0	122.8	73.6	136.7	91.8	66.7	129.2	104.9	35.2	32.9	125.1	0	0	0	53.6	68.7	17.6	0	106.4	0	0	84.8	76.7	120.4	108	58.5	141.9	99.9	0	0	0	0	123.7	87.2	87	30.6	124.8	0	80.6	118.3	73.9	34.4	0	113.8	33.2	34.4	0	0	131.4	50.8	0	
54	84.3	0	136.1	77.3	83.5	115.9	42.8	0	53	140.2	64.5	85	0	119.2	0	5.5	24.3	138	90.4	22.7	110.5	34.1	74.1	30.5	0	3.3	87.3	0	112.9	0	8.7	99.6	93.7	0	7.2	0	132.3	81.2	53.2	1.5	30.1	0	39.4	62.4	49.6	112.8	0	73.8	0	63.5	116.8	0	0	76.1	82.4	132.5	22	105.7	0.1	70.3	0	83.6	137.7	0	81.9	17	90.4	0	51.9	93.6	87.2	142.5	0	35.9	93.2	49	0	48	0	0	99.7	129.4	71.9	34.5	86.9	22.6	6.2	140.9	97.3	68.6	53.1	0	0	55.7	10.2	0	35.2	137	96.8	76.8	
55	74.2	0	20.9	0	92.2	33.7	16.8	77.9	46	0	50.2	136	4.7	36.4	127.1	8.3	89.3	130.6	25.2	108.9	131.3	0	23.2	139.7	0	1.8	87	92.6	0	0	92.6	12.5	131.8	135.4	95.4	12.2	39.3	0	133.8	49.6	0	129.5	0	51.8	117.2	87.7	0	0	68.4	20.4	0	0	101.4	80.5	137.8	0	0	50.5	62.8	25.3	0	0	0	138.2	126	52.4	0	109.5	47	45.4	10.8	0	37.6	134.4	25.8	0	85.7	0	68.4	6.4	31.6	28	0	0	0	138.2	59.7	63.1	46.9	136.6	127.3	110.2	0	129.6	0	71.7	46.2	10.8	0	2.7	
56	141	0	0	0	0	0	142.4	71.6	136.8	18.6	0	51	13.8	95.6	65	0	0	141	72.3	102	90.6	104.6	115.8	0	89.2	0	57.6	101.8	0	0	108.4	100.7	0	36.6	24.3	51.9	0	85.5	0	106.3	8.8	0	120.4	83.3	96.3	55.7	0	108.1	0	52.9	54.5	142.4	78.8	0	33.5	93.6	127.5	87.5	39.2	137.8	53.3	0	33.8	15.2	52.3	107.1	0	15.7	9.2	0	41	74.6	19.3	70.8	2.1	106.1	0	123.3	127.3	60.1	57.7	138.5	0	19.4	23.7	83.5	130.1	17.2	44.7	108.5	48.6	0	38	5.7	104.2	51	0	141.4	134.7	139.6	
57	120.7	0	134.6	41.1	129.7	80.9	29.8	93.6	32.6	0	136	86.4	58.5	65.6	2.1	141.3	26.5	129.9	50.9	140.6	0	35.4	122.4	74.5	0	88	35.1	0	115.4	128.1	0	21.6	89.9	0	0	33.8	2.9	35.5	0	93	0	7	36.7	107.5	49.8	0	110.9	0	120.3	129.2	82.9	42.3	63.4	88.5	0	68	0	79	44.7	0	132.9	0	0	29.5	62.6	8.3	0	48.1	106.9	100.2	115.8	6.2	74.9	127.2	0	31.4	104.7	0	4.3	119.2	117.9	0	108.2	137.2	82.4	0	3.7	55.5	139.3	74.9	0	9.2	98.2	5.5	55.4	0	142	40.1	119.6	0	
58	43.9	86.9	112.5	88.8	0	128.6	109.5	0	127.4	67.9	35.6	0	85.8	104.8	60.1	103.3	104.9	67.3	25.7	0	0	0	0	62.5	75.3	41.8	0	67.2	11.6	0	0	0	68.6	65.6	0	30.7	143	18.9	126.3	0.1	87.1	0	0	73.9	73.8	40.7	0	65.8	9.3	0	85.2	82.8	0	0	75.4	130.8	0	0	49.5	0.5	87	66.6	80.6	0	57	114.2	72.8	7.7	101.7	61.2	0	142.7	0	13.1	0	93.9	0	41.3	76.4	0	57.4	62.7	0	23.5	0	71.4	0	74.9	102	137	7.9	10.6	110	36.3	55.3	104.5	106.4	0	100	28.6	
59	13.3	123.3	42.6	52	0	41.3	37.9	124.1	102.3	40.8	59.1	0	0	59.2	0	95.9	120.2	0	118.7	58.4	132.3	15.3	40.7	124.6	25.3	83.3	58.6	0	120.5	31.5	109.8	141.8	100.7	72.7	0	68.9	0	23.2	19.2	0	0	105.4	11	38.4	5.1	0	132	59.7	126.9	0	0	57.4	0.8	35.7	0	0	77.9	0	0	0	51.2	66.2	13.9	136.6	135.4	129.9	0	100.8	0	105	126.6	84	0	122.9	13.2	76.1	0	70.2	0	26.8	66.5	0	5.3	68.9	88.2	0	0	22.1	6.6	81	85	27.6	2.9	0	0	10.4	0	0	0	0	
60	0	29.9	0	137.7	92.3	107.9	94	76.4	93.7	26.6	0	124.2	55.9	0	0	137.4	0	57.8	25.6	7.6	128.3	72.9	49.8	0	27	75.2	54.8	43.4	0	78.7	0	0	141.1	0	123.5	0	0	0	0	35.7	98.6	67.1	0	0	118.2	52.6	104.4	100.9	10.9	25.2	100.6	87.6	48.4	93.7	25.9	0	6.7	0	78.8	115.9	49.1	80.6	0	0	0	0	89.7	80.6	13.3	11.5	89.1	71	18.8	128.9	67.9	0	17.1	22.2	101	80.4	0	4.1	33.8	0	22.8	21.7	0	0	70.4	0	13.4	120.4	17.3	77	0	0	0	136.5	42.6	0	
61	0	13.6	0	85	52.4	0	0	0	10.9	0	44.6	136.7	134.2	0	10.4	37.5	0	83.6	106.6	0	117.5	88.6	120.1	0	93.2	33.6	19.9	46.5	26.8	84	118.7	45.5	0	0	69.1	6.8	22.8	0	23.5	141.6	0	53.8	137.7	0	142	39.8	75.9	49.9	48.8	0	123.4	0	0	123.3	80.9	81.9	142.8	47.6	72.2	142.8	87.8	86.9	22.1	100	0	0	0	139.7	0	29	23	0	138.4	68.4	77.6	67.2	49.5	93.8	100.8	47.9	94.2	84.8	46.4	109.4	113.4	23.2	119.1	121.1	42.6	138.5	0	136.1	0	89.5	0	115.3	0	3.9	0	66.4	
62	82.2	0	0	6.9	0	17	93.4	0	137	19.5	101.3	87.2	100.1	0	0	5.5	12	0	0	117.4	141	0	74.9	0	142.2	11.7	0	107.4	49.6	70.1	60.8	66.7	25.2	0	99.1	0	36	126.2	0	0	0	12.2	92.2	0	39.3	52	114.9	0	0	0	8	0	12.7	0	21.1	0	0	0	12.4	87.6	127.4	0	78.8	130.1	59.9	21.7	128.3	0	57.7	0	101.2	82.9	68.1	59.1	0	46.1	135	138.7	0	0	88	52.4	97.4	128.5	71.8	57.8	0	0	101.5	126.6	0	64	95	80.4	17.7	119.5	0	96.7	80.6	38.4	
63	0	99.5	0	129	132.7	4.4	53.7	34	4.9	77.9	0	0	32.2	0	0	139.3	19.4	17.2	0	30.8	125.4	0	108.9	123.5	22.8	0	15.7	92.3	101.6	0	9.9	123	0	28.3	0	0	24	51.4	27.2	105.2	71.7	0	143	45.5	142.4	128.8	0	8.6	0	10.9	0	46.4	89.8	87	79.7	58.8	133.9	0	136.9	36.2	41.9	73.9	90.9	0	99.8	0	0	84.7	120	73.7	0	92.6	75.8	136.5	0	2.4	119.4	0	43.4	129.8	8.8	91.6	127.9	105.7	119.9	129.6	47.9	5.6	6.4	53.6	109.6	0	62.9	19.4	103.7	83.3	85.6	0	0	72.1	
64	0	14.9	139.5	20.8	0	30.2	116.1	0	0	49.1	0	0	6.4	71	136.5	84.1	39.5	0	0	55.3	2.3	80.1	0	116.1	142.8	25.4	37.9	63.5	80.1	30.9	86	101.3	0	0	131.8	0	0	0	91.4	138.8	54	0	32.2	29	0	33.6	49.6	0	0	136.6	19.4	0	134.1	0	81.5	42.4	133.7	0	56.4	0	0	27.6	0	69.8	131.5	0	24.6	81.6	100.3	0	0	0	1	113.1	127.1	67.3	139.6	91.6	0	72.1	0	23	0	0	0	116.4	0	134.7	137.6	0	106.3	0	35	0	53.6	0	3.3	0	52.9	38.3	
65	0	100.2	64.5	97.2	8	0	94.3	10.6	101.4	4.2	93.9	50.3	10.1	61.5	123.2	0	28.7	0	0	41.5	0	26.1	0.1	0	135.9	113.5	76.1	65.6	0	134.5	121.2	113.8	6.1	52.1	108.8	117.8	116.9	116.4	106.4	3.2	0	24.2	37.2	0	0	0	0	18.2	59.1	0	59.3	0	113.9	74.5	58.9	105.3	129.2	26.1	0	57.7	0	31.5	123	95.8	0	62.4	116.6	65.9	80	9.6	0	0	37	17.6	20.1	51.6	0	119.4	0	83.8	0	131.9	0	104	132.8	78.2	19.5	82.1	52.7	87.9	0	67.5	0	0	67.4	0	0	0	12.6	136.7	
66	68	92.7	0	39	62	0	136.4	0	129.3	0	0	0	32.3	100.8	14.6	0	68.2	0	39.9	0	106.7	0	0	18.8	89.4	80.5	107.8	0	0	37.7	98.5	135	31.7	98.3	80.7	130.4	70	74.7	118.1	0	87.5	79.7	53.7	0	53.7	0	0	107	79.3	94.7	85.2	43.2	0	129.9	51.2	47.5	32.4	114.1	0	0	51.5	11.1	10.8	128.6	51.2	19.1	25.5	0	99.2	57.2	76.1	135.9	120.4	35.4	0	0	0	70.4	22.1	0	13	0	95.3	13.3	0	0	34.2	0	0.9	0	0	58.4	0	0	0	20.6	73.9	21	19.6	31.4	
67	46.3	36.6	0	76.9	0	0	115.2	12	53.5	69.3	0	0	0	0	17.3	0	59.7	0	47.3	31.4	0	16.6	91.1	66	113.5	0	0	129.9	53.3	62.2	32.4	21.8	129.9	0	104.8	125.9	0	120.4	130.3	0	0	106.8	0	80.3	131.8	36.8	3.9	13.5	102.6	0	0	0	0	135.2	68.2	0	7.8	0	57.2	141.7	0	99.8	27.1	24.6	69.2	106.1	0	114.1	109.6	98.1	0	3.5	65.4	0	7.6	23.1	0	56.8	44.9	0	62	33.9	0	42.7	11.7	0	0	0	0	60.9	106.6	54.4	58.4	0	86.6	55.6	137.7	24.9	0	85.8	
68	138.9	108.3	118.7	100.6	108.7	10.1	0	21.5	0	127.1	0	136.7	30	81.9	0	85.2	57.1	56	0	0	66.5	0	137.5	112.2	0	35.4	81.9	55.7	0	84.6	0	0	100.6	122.5	33.3	74.2	90.1	1	75.4	61.3	106.8	103.1	0	0	21.7	66.2	91.3	80.3	56.9	76.8	32.9	139.4	109.9	13.3	30	134.9	62.9	0	68.8	0	0	65.7	115	96.2	121.6	55.3	82.5	0.7	99.8	133.4	0	0	103.1	115.6	0	107.6	28.9	0	75.9	0	0	126.9	47.9	21.7	115.6	142.4	107.8	93	136	0	15.7	101.6	87.8	0	72.1	132.4	0	91.4	40.7	80.6	
69	56.3	38.1	48.2	127.2	38.8	0	93.5	110	63.4	0	0	0	19.3	0	30.7	0	0	0	24.8	114.8	126.2	22.2	0	98.6	66.4	80.1	37	4.7	124	9.3	125.6	40.9	0	86.6	17	0	0	130.2	34.2	62.7	0	49.9	0	0	0	51	0	128.5	0	0	0	80.6	0	78.2	23.1	41.3	93.6	87.4	44.5	0	129	90	134.1	4.4	36.4	1.9	0	0	113.3	0	0	95.2	0	111.8	52.3	0	0	0	0	0	48.6	111.4	128.4	0	133.3	8.5	130.9	73.1	99.7	105	0	0	85.2	13.2	0	101	142.8	114.7	47	66.9	
70	56.4	0	0	0	116	90.7	61.2	126.4	18.6	122.7	32.8	14.2	0	54.1	0	121.5	100.7	55.7	66.2	0	75.7	0	0	13.6	0	73.7	113.6	116	0	21.1	0	0	72.8	127.2	77	0	71	15	111.2	30.6	26	0	0	35.4	27.9	124.1	18.3	5.3	16.1	35	42.4	0	0	70.8	120.2	17	0	112.2	0	83.3	51.3	39.1	0	91.2	9.4	54	109.7	89	130.8	0	19.9	34.5	106.4	0	0	61.8	56.4	0	56.3	0	60.7	113.3	39.3	1.1	0	122.9	120	26.8	49.5	74.4	49.6	52.7	105.8	0	0	0	129.3	38.6	0	132.2	
71	0	131.1	70.9	51.4	99.2	2.1	55.4	0	53.9	0	131	125.9	12.3	44.5	0	122.5	123.5	7	0	51.5	19.2	49.2	0	27.4	81	12	19.4	30.4	94.3	44.6	0	0	90.6	0	134.4	66.1	0	30.3	0	128.7	115.6	28.8	0	0	52.1	0	101.5	43.2	64	72.6	136	0	0	112.6	37.3	90.4	0	11.6	97.8	3.8	132.9	9.9	32.7	0	103.9	0	99.7	42.7	16	0	0.9	128.5	0	4.1	24	67.1	30.4	0	112.8	34.7	0	0	0	0	18.6	73	0	0	0	0	0	111	140.1	82.6	0	1.9	135.2	0	0	108.1	
72	9.2	0	120.8	136.3	22.9	82.1	0	48.1	39.1	118.8	119.9	112.3	114.3	0	136	0	0	57.4	103.4	76.9	30.5	108	98	0	17.1	0.8	0	0.7	114.1	1.9	127.7	115.3	0	129	37	20.3	29	108.9	0	0	0	46.7	17.2	0	0	125.9	0	44.3	0	136.6	0	105	33.1	10.5	135.1	22.2	46.5	117.1	120	0	115.3	21.1	7	0	106.5	35.9	0	0	0	57.5	135.7	0	70.9	0	125.7	75.9	105	0	48.8	0	104.3	45.2	74.9	15.9	134.3	0	0	11.4	53.2	128.9	123.6	57.8	75.7	100.7	64.6	141	92.3	89.8	128.1	0	
73	0	102.7	114.4	5.2	74.3	114.1	92.9	111	6.1	93.5	98.6	129.5	102.9	14.4	108.4	84	0	0	132.6	101.7	0	32.5	137.3	0	0	138.8	75.9	105.1	0	0	91.6	0	31.3	86.7	96	138.9	0	8.1	109.9	8.1	12.7	114.5	95.9	0	74.7	55.4	52.9	0	49.8	78.7	33.1	0	106.6	65	119.7	56.7	102.9	7.6	96.8	0	73.2	0	0	85	33.2	0	40.7	0	135.8	63.6	119.4	0	0	120.6	0	0	46.9	21.2	25.1	13.7	84.8	0	15.4	136.8	13.9	115.7	0	0	107.4	0	94.1	0	87.8	5.6	98.7	100.1	105	0	134.3	0	
74	57	23.2	102.5	79.8	110.3	104.9	123.5	50.4	101.8	0	0	45.6	0	115.9	0	0	79	65.9	0	23.4	22.7	41.1	56.5	0	0	31	49	0	0	133.6	0	131.3	115.7	94.2	0	138.3	31.4	66.9	44.1	39.4	0	17	135.4	98.6	66.7	0	43	0	21.2	86.4	0	29.9	130.1	78.2	8	66.3	0	0	130.3	32.8	101.3	105.5	98.8	50.5	0	89.3	4.1	9.1	26	0	63.2	0	0	90.1	0	6.4	61.2	115.6	0	0	37.8	0	0	76.5	0.9	83.9	0	0	0	0	75.5	0	80.4	85	143	0	67	10	16	103.3	
75	129.3	35	90.5	89.7	133.4	106.6	84.4	0	78.8	0	0	103.9	84.5	15.4	0	0	87.9	82.6	86.5	99.3	101.9	0	0	134.1	100.4	134	81.1	77.5	69.5	87.8	0	37.1	0	34.7	32.4	41.7	4.9	48.6	39.5	103.6	78.7	107	0	0	45.8	0	7.8	16.5	0	42.2	0	33.2	68.1	134.8	116.3	0	0	19.6	107.1	0	29.2	34.7	104.8	29.3	51.7	0	106.3	25.6	0	116.7	0	36.5	55.1	118	0	83.8	19.6	58.1	76.2	0	94.6	51.8	59.6	0	131.6	0	0	0	102.5	0	44.5	53	0	133.3	0	0	0	0	0	87.2	
76	83.4	66.1	0	123.1	0	104.3	0	0	0	0	78.9	0	118.5	133.4	82.3	13.6	4.8	9.6	39.8	23.9	0	60.4	124.7	0	123.8	0	78.3	77.9	58.1	79.1	18.7	99	79.4	37.2	101.8	0	0	0	0	87	0	76.1	0	61	0	106.9	0	29.7	62	0	102.4	117.3	0	19.9	57.5	111.8	0	74.8	2.4	81	74.8	0	0	13.1	0	0	50.3	108	122.3	45.9	30.2	81.4	105.7	0	23.8	0	0	70.8	110.1	90.3	0	0	29.2	9.7	33.8	0	0	49.4	92.2	0	48.8	0	0	65.3	1.7	105.7	69.5	119.2	30	0	
77	0	137.1	117.4	66	0	35.3	0	73.4	28.1	121.6	78.9	34.5	0	138.3	40.4	0	0	96.2	67.5	97.1	0	86.3	73.5	15.6	123.9	41.8	29.7	0	58.6	135.4	64.2	0	110.7	98.6	0	0	0	98.8	114.7	0	120.5	48.3	122.5	0	23.3	0	0	116.8	115.4	115.8	130.7	24.8	0	0	3.8	41.7	15.3	40.4	0	28.2	66.3	3	60.2	0	13.4	25.2	110.1	43.1	0	0	0	0	41.9	0	0	31.5	118.8	0	0	17.7	130.7	49.1	115.8	0	0	116	116.4	96.8	46.2	38.3	8.7	76	0	7.2	89	0	12.9	44.7	0	88.5	
78	0	0	137.2	61.4	122.7	91.8	19.9	27.6	34.7	103.1	97	0	50.8	0	17.6	43.7	34.2	135.4	0	108.3	37.3	9.4	131.7	0	19	0	0	27.8	125.8	0	0	56.4	107.9	62.1	61.2	96.9	49.4	91.4	9.4	62.7	7.2	131.8	10.5	0	68.7	93.9	56.1	39.9	21.9	0	0	0	54.6	14	0	12.9	77	89.9	0	71.9	28.4	129.9	36.6	137.6	87.3	118.2	32.7	0	17.2	0	12.4	0	0	0	99.2	63.4	59.8	84.6	50.7	0	10.7	35.4	85.6	27.2	0	0	17.7	95.2	119.3	0	0	0	94.9	95.8	126.9	25.6	47.7	0	109.4	37.1	
79	0	0	115.9	0	37.7	4.7	9.2	18	111.4	13	40.2	0	98.9	4.2	121.9	37.4	0	0	93.4	17.9	121	0	128.2	0	0	82.4	4	103.5	7.3	0	66.8	0	64.4	0	98.7	142.7	47.6	55.8	0	0	0	141.1	49	82.4	111.4	32.1	0	107	92.3	29	90.8	100.1	0	102.8	0	133.1	2.1	0	0	0	33.7	3.3	82.7	0	124.7	26.2	0	44.9	25.7	0	0	139.4	123.2	0	93	0	72	0	101.4	52	119.4	100.8	94.3	65.4	0	65	9.6	20.1	142.8	56.8	0	134.2	103.1	0	84.4	21.2	0	0	13.1	66.5	
80	0	85.9	88.9	48.7	0	0	93.9	136.2	0	21.6	0	99.6	50.2	62.1	1.8	0	0	43.3	0	0	19	58.1	119.3	0	34.6	110.5	91.7	21.4	0	120.6	72.7	0	6.6	79.1	1.2	58.3	130.4	110.3	23.3	63	105.2	1.9	142.7	2.2	30	0	0	0	0	53.9	23.8	77.5	0	134.3	27.7	97.9	122.4	0	43.1	33.2	117.3	1.8	99.2	60.6	0	0	0	13.5	20.1	91.1	86.2	0	0	92	0	8.2	96.1	0	48.3	61.2	14.6	53.2	0	5.6	48.8	0	59.1	0	43.4	77.5	1.3	121.1	75	6.6	112.8	0	0	19.3	137.9	15.2	
81	59.8	129.4	128.4	135.4	104.5	24.6	37.6	63.1	28.8	6.8	88.5	28.2	0	131.1	0	0	0	70.7	0	65.2	110	140.7	134.3	0	55.4	31.2	63.2	84.4	70.6	54	0	12.4	0	0	10	36.8	0	0	0	0	86.6	119.8	18.1	117.5	4.2	101.3	117	40.6	9.6	0	84.7	4	123.3	0	61	89.7	0	0	42.8	0	0	0	0	127.4	82.1	96.7	0	120.5	22.9	0	111.2	82.2	10.9	0	0	0	2.4	111.3	0	90.8	10.7	69.9	10.7	0	90.1	33.1	0	0	21.6	6	0	83	96.7	23.8	38.6	7.2	0	0	20	7.9	
82	38.4	7.1	57.4	95.3	89.1	109.3	104.5	60	23.4	56.5	30	0	24.8	33.2	72.8	6.8	0	132.3	104.6	0.6	37.6	70	71.3	114.4	29.2	135.1	55	111.3	72.9	20	0	128.8	80.8	80.3	92.5	0	106.6	0	112.2	41.8	0	32.7	0	0	14.3	85.6	0	50.3	74.6	94.5	73	58.9	0	25.8	0	50.4	124.8	111	0	23.9	18.7	0	100.4	2.1	69.1	76.8	64.2	0	0	94.7	123.9	81.3	0	52.8	133.4	51.9	84.1	107	0.7	116.4	98.6	1.5	21.2	0	0	142.5	98.4	0	54.1	37.4	82.9	0	0	0	115.4	0	13.9	134.1	64.2	73.9	
83	27.5	38.1	37.1	74.9	0	0	0	0	111.5	0	57.8	80.8	40.4	0	0	0	119.1	44.4	100.5	103.4	113.2	142.6	38.6	72.8	16.4	2.9	137.8	94.5	63.4	52.6	105.8	0	102.9	0	83.8	101.1	21.4	0	3.5	0	0	0	28.4	36.4	0	4	93	0	80.2	0	0	133.3	77.4	50.7	32.9	9.6	77.1	0	139.3	6.2	55.1	0	23.3	0	137.3	63.8	32.3	74.2	84.8	4.4	134.4	119.1	24.7	0	0	0	63.4	0	0	124.5	48.5	47.9	0	87.6	99.7	58.1	77.5	0	4	49	0	122.7	139.8	75.1	113.8	51.9	82	70.8	117.1	0	
84	98.3	0	95.9	61.6	56.8	0	34	93.9	140.2	92.3	75.3	0	142.6	0	120.2	26.7	0	58.3	0	0	28	107.7	125.3	111.5	72.9	100.1	131.9	92.9	18.5	121.8	0	0.3	142.6	75.2	0	47.8	9.2	19.2	129.1	77.2	0	37	11.2	138.3	111.3	111.5	0	37.7	134.7	76.3	0	121.9	29.4	85.3	43.7	0	61.1	0	13	118.1	37.4	107.5	72.1	82.3	38.5	0	0	95.8	0	92.9	0	1.3	71.9	90.6	133.2	0	42.4	121.3	90.6	64.3	23	38.8	31.7	86	0	80	115.8	48.2	47.9	107.4	79.7	17.8	0	107.3	137.3	6.5	139.2	0	77.6	0	
85	0	9.3	0	0.2	92.4	97	84.7	0	53.1	84.9	0	131.4	101.6	17	22.3	83.9	87.8	95.1	2.3	51.7	0	0	0	4.1	13.2	0	111.6	63.9	110.1	99.1	9.2	0	84	110.7	0	86.8	6.8	73.8	101.5	91.7	20.2	96.9	129.6	0	0	126.8	111.9	5.2	81.2	9.3	52.2	26.9	116.1	0	0	75.3	6.4	141.3	0	27	0	133.7	65.4	83	0	84.2	2.2	36.2	0	30.8	102.9	123.6	2	65.3	0	133.3	41.1	105	115.9	0	51.8	48.7	61.8	0	49.8	0.7	0	82.6	122.2	0	43.2	0	12.2	127.2	42.2	0	12	129.9	57	43.7	
86	0	0	62.9	111.3	79.5	126.5	0	38.4	0	75.7	0	91.6	24.6	63.6	74	41.2	76.8	0	31.8	21.9	0	0	69	82	81.5	58.5	0	0	0	107.3	45.4	84.2	0	6.9	139.5	141.4	132.8	0	0	0	52.8	129.8	137.8	111.9	70.5	0	87.4	0	99.8	22.3	0	70.1	72.7	29.3	0	78.1	37.3	0	5.2	0	0	78.9	59.8	121.1	51.3	112.3	72.5	0	98.9	0	0	124.2	44.5	0	0	0	77.6	46.9	136.4	77.5	63.2	54.2	35.6	75.6	0	85	135.5	20.7	0	18.1	0	93.1	82.3	95	117.2	82.6	80.5	0	120	135.9	
87	19.7	10.8	126.9	0	0	0	4.9	96.8	114	0	69.3	0	86.2	118	97.8	11.5	0	34.8	0	102	0	0	94.9	0	0	0	125.7	114	12.2	110	17.2	0	134.7	112.6	49.1	95.2	61.6	5.3	75.6	0	3.6	74.7	2.2	77.6	5.6	40.8	9.6	106	82.7	137.8	65.1	62.5	91.4	0	9	10.1	37.6	112.4	5.4	78.3	27.2	9.1	55.5	119.7	139.3	0	0	136.6	85.5	142.2	33.9	21.1	0	116.2	81.2	139.3	118.1	0	0	118.3	117	95.1	4.5	82	74.5	0	0	80.1	122.7	45.4	112.5	49.8	62.2	0	105.4	118.3	29.3	0	0	83.7	
88	9.7	52.7	104.3	140.8	53.4	116.7	19.3	57.1	98.1	0	0	0	138.7	22.7	0	74.6	55.5	100.4	34.4	0	15.4	0	62.7	72.1	35.5	0	0	0	23.9	112.3	14.4	79.4	44	44.7	129.6	82.5	0	131.3	47.6	2.1	0	0	2	44.4	0	56.5	106.3	0	30.3	120.2	23.3	0	1.4	93.2	131.3	0	135.5	0	134.9	50.5	35.5	26.8	0	0	111	7.6	22.3	0	0	112	0	101.1	40	0	64.2	95	0	67	79.7	24.3	0	20.9	138.5	75.1	137.5	51.6	0	39	129	85.2	126.4	0	121.9	67.6	111.4	95.2	124.1	136.3	50.9	61.3	
89	128	8.9	0	38.8	36.5	0	103.2	38.8	62.2	14.7	0	117.2	56.3	0	0	24.3	0	36.4	0	15.8	83.9	0	0	74.7	0	47.9	44.7	0	0	0	102.1	107.1	106.1	58.3	106.2	125.3	38.5	126.9	0	101.7	117.9	142.9	135.8	100.7	29.8	0	0	137	53	0	135.3	0	0	18.7	125.4	42.1	59.2	80.6	98.2	80.7	0	126.5	45.3	91.3	119.2	0	118.5	0	24.5	79.3	142.8	0	54.5	66.7	140.5	100.7	0	0	94.2	0	0	49.6	75.9	30.5	16.8	15.6	97.8	74.3	82.7	3.9	85.2	97	0	31	46.4	8.5	134.1	102.7	0	87.8	
90	0	0	139.1	0	67.6	58	116.8	125.9	3.2	84.6	125.8	56.8	0	96.4	88.4	0	69.1	0	0	105	0	120.5	0	62.6	0	0	125.5	78.3	39	0	131.7	58.8	62.6	41.2	128.6	106.9	73.2	0	0	0	131	90	65.7	62	0	116.1	10.9	63.1	0	49.6	0	34.2	108.7	123.9	24.3	0	23.1	0	30.5	61.2	0	0	16.5	0	50.3	62.6	34.2	85.2	0	12.5	143	31.7	57.8	104.2	79.3	20.4	0	7.1	32.7	0	0	49.7	0	0	0	118.8	0	0	0	6.6	22.3	28.6	51.4	114.5	22.6	57.1	0	31.2	11.1	0	
91	0	3.2	0	123.5	88.5	0	29.5	0	130.3	125.5	0	6.8	0	120.1	140.6	131.7	117.9	68.2	0	2.3	18.9	0	27.3	99.6	0	89.3	0	101.4	81.3	15.9	134.4	0	123.5	0	0	119.6	100.2	0	0	142.2	0	0	0	89.9	0	72.2	37.3	118.8	0	0	0	110.9	105.6	0	7.9	141.5	0	39.5	20.6	123.9	125.8	0.1	1	23.9	0	47.9	110.8	0	36.9	0	0	0	34.8	0	111.9	6	10.8	114.9	0	0	93.9	0	0	80	41.5	48.4	34.5	58.5	24.7	96.7	81.8	37.9	0	107.3	82.4	74.6	93.4	57.6	38.7	118.3	
92	63.9	78.5	10.9	87	38.9	81.1	57.9	0	126.8	55.1	0	58.1	0	0	14.3	133.4	12.7	127.8	0	123.8	13	64.7	98.2	2	82.3	0	2.6	67.2	0	0	6.1	0	0	127.9	1.9	107.8	0	17.4	0	0	116.4	89.1	0	24.1	1.5	95.6	20.2	20	0	87.2	115.5	0	114	20.2	70.3	134.8	0	0	0	0	47.3	1	0	0	0	134.6	20.6	79.5	104.2	23.7	0	31.8	0	0.8	0	99.2	0	53.6	0	26.6	82.3	74.9	88	116.3	0	136.1	0	42.3	0	55.7	93.7	59	26.3	0	112.1	63	130.4	56.3	66.2	0	
93	14.8	0	120.2	0	0	106.1	0	103.7	75.1	0	0	109.1	61.8	31.1	69.3	0	0	51.9	110.7	72.5	0	131.1	142.2	0	0	0	62.4	4	0	0	39.8	137.3	112.3	39.2	81.7	133.6	121.7	0	0	103.4	74.5	12.2	0	60.3	0	0	52.2	48	138.6	138.3	55.1	87.6	94.6	75.5	5.8	83.5	0	22.9	0	0	129.5	70	113.3	60.5	115.9	41.3	57.9	0	0	0	80.6	98.6	116.5	69.8	0	23.5	95.7	128.1	50.3	48.8	57	121.3	0	0	0	86.6	0	94.2	95.7	49.7	113	0	0	107.3	136.7	0	21.6	43.6	65.4	0	
94	0	112.7	105.4	95.6	0	88.1	28.9	86.2	64.4	43.1	0	30.8	0	107.5	0	82.9	0	52.3	26.3	93.5	5.6	136.7	0	137.6	46.7	0	2.1	58.7	8.5	0	112.6	44.7	25.4	107.1	0	133.5	3.8	116.3	68.5	99.1	14.2	102	45.9	119.3	0	23.2	59.8	3.7	29.5	121.9	0	1.3	30.3	37.5	41.9	111.5	0	0	137.7	141.1	0	49.7	0	0	8.1	73.3	24.5	98.1	67.5	54	0	66	0	118.7	37.1	65.4	55.2	35.3	0	101.3	0	0	0.3	123.5	66.1	142.7	105.9	0	109.7	40	0	0	48.4	15.3	23.5	0	30.6	98.9	26.3	0	
95	86.4	0	59.8	11.8	135.9	0	0	23.7	66.1	0	23.7	0	116.8	0	79.2	76.2	0	0	0	52.7	70.4	67.4	123.2	122.7	4.7	0	0	100.4	133.3	6.3	0	36.1	0	77.4	108.4	8.5	128.2	52.4	127.5	15.3	0	33	131	0	3.1	37.2	0	76.8	136.3	0	19.9	77.4	59	94.6	6.5	0	25.8	0	0	0	4.7	102.3	66.1	0	34	33.8	138	44.8	0	74.4	66.9	0	33.9	0	84.5	0	57.7	0	82.9	90	103	0	0	18.6	0	5.8	91.4	85.8	0	33.2	31.2	0	23.2	74.9	0	0	34.8	115.8	14.1	0	
96	38.3	0	58.3	0	60.8	3.9	0	0	21.4	62.4	0	0	130.7	105.8	0	0	0	104.4	94.7	0	0	42.6	25.7	88.1	61.4	0	121.9	0	45.5	120.7	56.6	1.1	98.8	69.4	107.2	0.1	69.6	56	33.1	25.4	45.6	0	0	128.8	0	0	0	0	78.6	0	48.3	0	36.7	33.4	95.4	23.2	0	0	97	0	49.4	0	41.6	44.2	0	111.9	28.8	0	0	44.4	33.2	0	4.8	0.7	15.4	22.2	132.3	0	3.4	92.7	80.9	37.9	26.9	124.9	0	12.5	105.6	84.5	34.7	64.4	0	52.9	63.7	0	109	100.2	33.1	32.4	84.4	118	
97	65.9	66	70.1	0	0	82.6	93.7	0	0	80.9	22.2	26.4	37.3	3	114.7	0	0	0	51.8	0	0	0	52	15.2	49.2	91.2	0	0	0	29.9	0	0	49.6	60.5	131.3	20.9	0	0	0	0	11	0	6.6	0	141.9	96.7	96.6	107.4	65.2	0	0	104.3	0	139.8	39.5	0	123.8	0	123.4	3.7	55	0	32.6	72	130.2	104.3	5	0	36.9	20.9	27.7	130.8	94.3	0	45.3	0	0	0	29.9	119.4	4.2	0	89.5	19	111.1	56	13.3	73.7	137.1	70.2	19.8	32.5	0	0	0	0	70.4	48.2	8.7	0	
98	64.5	18.7	80.8	0	128.8	53.7	50.1	0	116	51.6	78.6	129	0	30.6	87	6.7	66.4	85.5	0	22.3	96.8	0	0.3	97.5	96.4	54.9	80.6	7.4	126.8	0	53.2	107.5	138.2	133.3	47.8	7.8	134.4	0	0	0	120.1	47.8	27.3	21.1	46.8	91.9	56.7	85.6	41.3	0	0	0	71.1	14	133.1	0	45.5	32.8	83.2	6	0	68.2	65.7	107.4	77	41.9	8.4	23.3	37	0	0	0	0	127.5	129.8	59	0	31	0	0	15.3	9.2	0	94.2	0	104.2	103.2	124.2	83.7	0	0	99.1	16.6	0.7	96	47	0	81.1	62.7	115.3	
99	0	0	75.6	90.7	0	0	122.1	0	0	42.9	114.3	32.2	131.4	0	15	0	140.1	54.6	62.6	0	59.3	0	139.4	74.6	58.7	17.1	75.2	36.7	58	0	45.2	122	76.1	0	0	141.1	84.7	0	0	112.8	0	103.2	112.8	71.6	0	69.2	68	116	41.8	65.1	0	40.7	103.5	72.4	12.9	98.8	39.4	0	64.2	0	102.4	40.1	60	113.6	1	22.3	7.4	21.8	106.5	15.5	37.2	0	0	74.6	38.6	138.2	51	49.2	0	1.2	0	55.8	90.4	40.1	0	118.2	99.2	0	0	80.2	68	1.5	72.8	129.7	0	0	96.1	0	74.7	88	
100	0	99.4	122.4	119.7	60.4	137.1	119.1	0	0	91.5	50.8	90.9	55.8	74.4	0	0	0	0	11.9	73.7	119.5	80	0	130.5	0	28.1	0	27.9	80.2	84.5	20.2	0	61.2	104.6	0	128.2	22.2	0	0	0	53	15.1	0	0	48.4	0	132	0	120.4	0	98.5	142.3	0	107.1	52.3	0	82.7	68.4	0	46.9	94.1	140.8	37.4	0	33.3	55.6	122.9	92.8	9.2	27.6	42.1	0.5	0	17.2	105.9	0	17.2	0	33.9	0	136.2	0	115.7	0	49.5	137.5	36	106.9	0	0	99.8	129.1	0	71.9	77.9	32.9	0	0	129.7	27.1	
;																																																																																																					param procura :	1	2	3	4	5	6	7	8	9	10	11	12	13	14	15	16	17	18	19	20	21	22	23	24	25	26	27	28	29	30	31	32	33	34	35	36	37	38	39	40	41	42	43	44	45	46	47	48	49	50	51	52	53	54	55	56	57	58	59	60	61	62	63	64	65	66	67	68	69	70	71	72	73	74	75	76	77	78	79	80	81	82	83	84	85	86	87	88	89	90	91	92	93	94	95	96	97	98	99	100	:=
1	2	0	4	0	6	0	2	2	4	1	1	5	0	0	0	4	0	6	4	0	3	0	0	3	2	2	3	3	4	6	6	0	6	0	5	0	5	1	5	3	2	0	6	5	5	0	5	0	6	4	6	0	0	1	0	0	0	4	3	5	5	0	5	5	1	0	5	2	1	4	6	5	0	2	6	0	1	3	0	0	0	3	5	2	0	3	2	6	5	1	5	3	0	6	0	0	3	5	4	0	
2	3	2	3	3	3	6	1	1	4	0	2	1	6	0	0	5	0	5	2	2	3	3	3	5	0	2	5	3	5	0	2	5	5	5	5	5	3	6	0	4	2	1	0	4	6	0	4	6	2	2	1	3	2	0	6	4	4	6	2	0	2	6	4	4	6	6	5	5	3	0	0	1	6	2	6	5	4	5	2	0	2	5	0	1	0	1	2	0	0	3	2	6	0	5	0	0	3	0	1	5	
3	0	3	4	0	0	5	0	2	2	5	3	0	5	0	1	4	5	4	0	2	4	3	0	4	5	2	5	6	0	4	0	0	2	4	5	0	0	0	0	2	0	2	0	5	5	5	0	6	4	0	0	0	0	0	0	2	0	4	5	1	5	2	4	5	4	4	0	3	2	0	0	4	6	6	4	5	0	0	3	4	2	3	0	2	5	6	4	4	3	3	4	2	1	0	0	1	0	0	3	2	
4	4	0	0	0	3	4	6	6	5	4	5	1	6	2	0	0	0	3	3	3	0	4	2	2	0	6	0	3	4	3	5	0	0	4	2	1	4	3	4	0	0	5	5	2	3	2	5	0	0	2	1	0	0	5	0	0	0	5	3	4	0	3	1	0	3	4	4	0	0	2	5	4	2	6	2	0	1	2	4	5	6	0	2	6	3	5	3	4	3	6	2	6	1	4	0	4	2	0	4	0	
5	5	0	4	4	6	3	2	0	3	2	6	6	3	1	4	3	4	1	0	5	6	0	6	4	0	2	4	2	0	0	6	5	4	0	2	3	3	5	6	5	2	0	6	4	4	2	3	1	2	4	5	0	1	4	5	5	4	3	6	4	4	6	5	0	5	5	1	4	6	1	1	2	5	4	0	0	4	4	0	2	4	3	6	0	2	3	3	5	5	3	4	0	4	1	0	2	2	0	0	0	
6	6	5	5	3	0	0	3	2	0	0	1	3	4	0	3	1	2	4	2	4	5	5	1	2	2	5	1	2	3	2	3	0	6	0	5	2	2	5	4	3	4	0	4	4	0	3	5	0	2	4	0	0	4	5	0	4	5	1	5	4	0	0	0	3	1	0	5	5	0	0	0	2	5	4	5	0	3	5	5	5	2	6	2	2	4	2	0	5	0	0	5	5	6	2	2	4	3	5	6	1	
7	2	4	3	2	5	5	0	0	2	3	4	1	1	3	0	0	0	2	5	0	4	5	0	2	3	1	2	1	5	3	3	2	3	0	1	0	6	3	3	3	3	6	6	0	0	4	5	5	1	0	4	5	6	2	4	3	0	3	4	3	4	1	1	0	2	6	2	5	2	2	0	1	1	3	5	6	5	3	0	0	5	1	6	1	2	1	0	0	0	5	4	4	5	0	4	0	0	6	2	4	
8	0	5	3	0	4	0	3	0	2	4	3	5	3	0	4	2	0	0	1	3	1	0	6	6	3	3	6	6	4	4	6	0	3	0	0	2	0	2	0	0	1	0	2	2	2	6	5	0	6	3	5	4	1	4	2	0	4	6	4	4	0	4	4	0	0	4	4	5	5	3	5	4	3	0	6	5	4	0	1	0	2	2	6	2	4	0	0	2	4	5	3	5	0	5	6	2	0	0	1	2	
9	0	5	5	1	2	5	0	4	4	2	0	5	6	2	5	1	1	0	1	0	1	6	2	0	4	4	5	2	3	4	5	2	0	0	3	2	6	3	6	5	5	1	4	1	6	6	5	4	0	0	3	6	4	0	5	0	0	4	5	0	2	0	3	3	2	5	4	5	0	0	4	0	2	5	5	0	0	0	1	3	4	3	4	0	4	3	2	5	1	2	3	2	0	5	5	5	3	0	2	3	
10	0	6	4	3	4	3	4	4	4	4	4	0	0	0	1	5	5	5	2	0	0	2	0	0	0	4	4	0	5	0	0	3	3	2	4	5	0	3	2	5	1	5	4	1	4	0	2	0	0	3	0	2	2	6	5	3	4	4	3	0	4	0	3	0	4	0	6	0	0	5	0	4	4	2	1	2	4	0	0	3	3	0	3	5	1	0	2	4	0	3	4	0	5	2	0	5	2	3	1	0	
11	0	4	0	0	0	2	6	5	4	0	1	0	0	0	4	2	5	6	1	3	6	0	3	0	3	2	3	4	1	3	0	0	0	2	1	0	6	5	3	6	5	0	5	2	6	0	4	0	0	5	5	0	0	4	0	1	1	2	4	5	4	1	0	5	6	1	3	0	4	1	0	2	3	3	5	0	5	1	5	2	4	3	4	2	0	6	0	6	4	3	4	4	2	0	6	1	3	5	2	4	
12	6	4	0	0	0	5	3	0	6	0	0	0	3	5	5	0	2	0	0	4	3	3	0	4	0	2	1	5	2	0	5	0	6	6	2	4	3	0	5	0	4	0	1	6	3	2	4	5	0	2	0	5	3	0	0	4	0	3	0	0	2	5	5	2	3	3	3	2	3	4	5	5	2	5	4	3	5	3	0	0	5	4	0	2	0	1	4	3	5	0	0	0	0	3	0	5	0	5	4	4	
13	2	0	4	0	5	0	0	0	4	4	3	1	3	5	1	4	3	5	4	4	0	0	0	0	2	0	6	4	0	4	6	0	3	0	0	5	3	0	3	4	0	1	4	3	3	0	0	2	0	6	2	3	5	5	2	2	2	1	5	2	0	4	6	0	0	3	0	0	6	3	2	5	5	0	5	2	0	4	3	2	3	1	4	5	0	1	0	1	2	0	0	5	6	4	2	4	4	1	6	0	
14	0	5	3	6	6	0	0	2	6	0	1	0	2	2	3	0	0	0	2	4	6	3	2	5	0	5	5	2	3	4	1	0	6	5	0	2	5	6	0	6	0	1	0	3	0	6	5	0	4	3	2	5	0	3	0	0	4	5	1	0	3	6	0	0	0	2	0	0	0	4	3	0	0	0	3	4	0	0	4	0	0	4	4	4	0	3	1	1	5	2	1	5	5	3	0	3	3	5	0	3	
15	3	2	3	5	6	1	4	3	4	4	5	6	6	2	0	3	6	6	2	2	3	0	0	1	0	5	0	3	4	4	0	2	3	4	0	0	4	0	2	3	0	1	4	5	3	3	4	4	0	2	0	3	4	0	2	2	0	3	4	5	3	0	2	6	1	2	6	1	5	0	2	4	0	4	4	4	1	5	0	3	1	5	6	5	0	2	4	0	0	5	0	4	3	3	0	0	1	1	3	0	
16	3	2	3	3	5	5	5	1	3	0	0	5	4	0	2	1	5	6	2	5	4	4	5	3	3	4	6	5	2	2	2	3	5	0	5	2	1	0	3	2	2	0	3	4	3	0	5	0	5	0	2	0	2	4	3	4	3	2	0	5	0	3	0	2	0	0	2	6	0	4	0	2	3	5	4	4	4	5	4	5	0	5	4	4	0	2	2	0	6	0	0	0	3	1	0	3	5	6	0	1	
17	0	5	5	5	0	0	1	3	3	4	2	0	5	2	4	3	4	3	0	1	0	1	0	4	4	0	0	5	3	0	5	4	2	2	2	0	6	0	6	5	4	3	0	2	3	0	3	3	5	0	0	0	0	0	4	1	6	4	5	0	3	3	6	3	3	2	3	2	0	2	3	2	3	0	2	4	1	0	0	0	0	0	2	4	2	0	4	4	1	0	3	2	4	4	0	5	1	3	6	0	
18	2	4	0	1	5	0	4	2	0	0	0	4	0	0	0	2	0	1	0	3	0	3	1	2	2	2	0	3	3	3	6	2	0	0	0	5	4	0	2	4	0	3	6	1	0	2	3	0	0	3	0	2	5	4	2	3	6	2	1	0	5	3	0	6	1	0	0	3	1	1	0	1	1	4	0	5	5	5	5	4	0	5	0	0	6	3	4	2	3	5	3	4	2	4	5	0	1	6	0	2	
19	6	1	1	3	1	0	0	5	4	2	3	0	3	0	3	3	5	2	5	1	0	0	6	2	2	2	4	0	2	1	3	4	6	1	4	0	4	5	0	3	5	0	1	5	0	3	0	4	0	4	0	4	0	5	2	0	2	0	2	4	1	0	0	4	3	4	3	3	4	1	0	0	3	4	3	3	0	2	0	1	5	0	5	3	6	0	3	0	2	5	3	0	5	0	4	0	2	3	1	6	
20	6	5	3	0	6	1	0	2	5	0	0	0	1	0	6	5	2	0	0	3	2	4	1	5	3	3	0	0	5	5	1	6	2	2	5	0	1	5	5	1	4	3	4	0	2	0	5	3	2	3	0	0	4	0	1	6	4	0	0	5	4	0	0	0	3	2	4	6	2	0	0	3	0	2	3	3	4	5	1	2	2	1	6	0	2	4	4	0	5	0	0	2	0	0	5	5	3	0	0	0	
21	5	1	1	6	6	5	5	2	5	6	6	4	4	3	4	3	3	1	3	2	1	3	0	0	0	0	0	3	2	1	5	5	1	4	1	4	4	0	4	5	2	4	5	1	5	4	6	5	3	3	0	4	0	0	4	0	0	4	4	3	1	0	2	3	5	0	5	4	5	4	0	5	2	3	2	3	3	0	0	2	3	0	2	5	3	0	0	5	0	0	5	1	0	1	5	5	0	0	0	0	
22	0	6	4	0	3	0	5	5	0	2	3	0	2	3	5	3	6	2	5	4	5	3	1	4	2	1	5	3	2	3	1	0	0	5	4	2	0	0	1	4	4	0	4	4	6	2	2	3	4	1	0	0	0	0	3	5	2	4	2	5	5	0	0	2	6	4	2	0	0	4	3	1	0	0	0	4	5	3	3	2	5	0	0	4	5	2	0	1	3	2	2	1	1	6	5	1	4	3	0	2	
23	5	2	5	3	0	2	0	0	2	5	3	2	0	0	5	4	0	1	1	0	6	3	3	5	3	0	0	0	3	5	1	0	0	4	2	0	0	1	0	0	2	2	5	1	5	0	5	4	0	3	2	0	6	0	0	2	6	2	4	0	4	3	3	6	0	6	5	4	0	1	0	2	6	5	5	0	2	0	2	4	2	2	3	5	6	0	3	0	1	5	3	6	0	0	4	5	3	2	5	4	
24	6	0	4	5	5	0	3	5	5	4	3	2	1	5	4	0	4	3	0	3	5	0	0	3	0	0	0	0	6	4	5	0	0	0	2	3	0	4	6	6	3	5	0	5	5	4	4	0	3	4	0	5	0	3	2	0	0	5	0	0	3	2	0	2	0	2	2	3	4	6	0	1	3	0	0	0	4	4	3	4	2	2	5	5	4	0	5	0	0	0	5	3	3	5	5	4	3	4	5	4	
25	0	0	4	0	1	0	4	4	3	0	0	0	3	0	0	4	5	0	3	5	4	2	5	2	4	5	1	5	6	2	2	0	3	4	5	5	3	0	3	4	2	3	2	5	0	4	0	5	2	5	6	6	0	1	0	2	0	0	4	2	0	4	0	0	4	5	0	6	2	0	0	4	3	0	1	2	0	0	4	4	1	0	4	3	3	0	2	4	0	4	3	5	0	2	4	1	5	2	3	1	
26	3	5	4	5	3	3	1	2	6	3	6	5	3	0	0	2	4	0	5	4	0	1	0	0	5	2	3	4	5	2	1	0	5	5	3	2	0	2	0	4	5	0	2	2	4	6	0	2	5	4	0	6	0	0	2	4	4	3	2	5	0	0	5	0	2	3	3	5	5	1	2	0	5	5	1	3	1	6	0	0	1	5	5	5	0	3	0	0	3	6	2	3	4	2	0	0	2	1	0	4	
27	4	4	5	4	0	4	2	3	2	4	0	3	2	2	0	0	2	0	5	5	4	3	4	4	4	2	2	4	0	4	3	4	4	2	0	0	4	0	0	0	6	2	4	4	0	2	3	5	5	5	0	3	5	6	0	5	4	0	6	1	0	2	6	3	0	5	5	3	3	5	3	0	0	6	0	0	3	0	1	0	3	6	6	4	2	4	2	0	0	2	5	2	2	5	0	4	5	2	1	3	
28	5	2	4	0	6	3	1	2	2	4	0	0	3	0	5	0	5	5	5	2	0	0	1	4	0	6	3	3	5	4	5	1	3	0	5	6	3	4	1	3	6	5	0	2	5	6	0	4	1	6	0	4	4	0	0	1	3	3	3	0	4	0	3	0	4	4	2	3	0	4	2	0	0	2	0	0	6	0	0	3	1	0	0	0	2	3	1	4	6	4	0	0	0	1	2	5	0	2	4	0	
29	4	6	4	1	3	5	5	0	4	0	0	4	0	3	4	0	3	3	1	5	5	3	3	5	0	4	3	0	5	0	4	6	0	4	4	0	0	2	2	4	5	6	6	1	3	0	0	0	0	1	0	4	0	5	0	0	0	0	0	1	1	5	0	0	4	2	5	5	4	3	0	0	0	1	4	6	1	2	2	4	0	0	3	5	0	6	5	2	6	4	6	6	2	0	3	0	4	0	0	5	
30	0	5	4	2	5	0	0	4	0	1	5	0	5	0	2	5	2	0	3	6	0	4	0	4	5	2	0	0	4	1	4	4	0	0	3	2	5	4	0	0	5	5	2	1	1	2	0	5	6	0	5	3	6	2	2	0	4	5	2	6	0	0	5	4	3	2	2	0	0	5	3	4	5	0	0	0	0	4	4	5	3	2	2	3	5	0	2	5	0	5	3	5	4	3	5	5	4	3	1	3	
31	3	3	0	0	0	0	5	0	6	5	0	4	3	3	4	2	3	0	0	3	1	0	2	0	4	5	1	2	4	0	5	0	6	4	0	0	0	0	2	3	0	6	0	1	3	0	0	3	0	0	0	3	0	0	5	0	2	3	0	3	3	0	0	0	3	4	4	5	4	6	2	0	4	0	0	0	0	4	3	0	3	3	1	0	0	0	3	4	1	0	0	0	0	3	0	0	6	4	2	3	
32	0	2	0	0	2	3	5	6	5	0	2	0	5	0	0	3	2	3	5	2	0	5	0	1	2	0	0	0	0	4	0	1	0	0	1	0	0	0	2	4	2	3	4	4	0	0	3	6	5	5	0	0	2	4	1	0	3	0	0	2	2	2	3	5	1	1	2	0	0	2	3	0	2	0	0	3	0	0	0	3	0	0	5	0	0	0	3	0	0	4	6	0	5	1	6	4	4	2	3	0	
33	0	0	5	3	5	1	4	0	0	4	2	0	0	3	2	5	0	2	2	0	0	2	0	4	5	0	4	2	0	3	5	4	3	3	4	0	5	1	1	2	0	6	5	0	5	4	2	0	3	5	6	1	0	2	3	4	2	0	4	0	0	2	3	0	2	3	0	0	0	0	3	3	1	5	5	3	0	0	6	2	0	3	0	5	0	0	6	2	4	6	4	4	0	0	4	0	0	3	5	0	
34	4	0	3	4	0	3	5	0	3	4	3	6	0	1	0	0	3	4	5	0	0	4	2	5	2	2	5	0	4	3	5	0	4	4	4	2	4	1	1	5	4	6	0	3	0	3	0	2	4	2	0	6	1	5	0	1	0	5	2	0	3	0	5	1	4	6	2	3	5	5	4	0	5	0	3	4	4	6	5	1	0	3	0	3	3	1	3	4	2	4	2	5	1	0	5	1	4	4	2	0	
35	6	4	4	4	0	4	0	0	0	4	0	3	4	6	0	0	0	5	3	4	5	0	0	0	3	4	4	0	5	2	0	5	2	0	4	0	0	1	2	0	6	5	4	0	1	0	0	2	2	2	3	5	5	0	0	2	0	0	0	6	0	2	4	4	0	3	5	4	0	1	2	5	0	3	2	6	5	3	4	4	4	2	1	1	4	1	2	6	5	0	5	1	4	4	0	4	3	1	5	3	
36	3	0	4	5	0	0	4	6	6	2	0	1	2	4	3	6	4	0	0	0	4	0	0	3	0	0	0	3	0	0	0	0	1	0	3	3	0	1	3	4	3	5	4	4	2	2	6	0	0	6	4	0	0	5	0	5	3	6	1	2	4	1	0	0	0	2	2	0	0	1	2	0	4	3	2	2	5	5	4	4	1	0	3	1	3	4	3	3	0	0	0	0	1	0	1	6	0	2	3	0	
37	2	6	2	2	4	5	4	3	4	6	3	1	2	3	3	6	0	4	3	0	5	4	5	0	4	0	3	4	5	2	5	0	0	5	0	2	2	4	5	6	0	1	3	4	5	3	0	0	2	4	4	6	0	0	4	5	5	0	2	2	5	3	6	2	1	0	6	5	4	4	1	0	5	3	4	5	3	3	2	3	0	6	6	2	0	5	5	5	4	0	1	2	3	0	1	6	3	3	0	0	
38	0	5	0	3	0	3	5	0	4	1	0	1	5	0	0	3	4	3	5	4	5	4	4	6	1	6	3	0	0	0	4	4	3	0	3	5	6	2	5	0	5	4	2	0	3	4	4	2	2	5	3	2	0	6	0	0	0	4	0	3	0	6	0	0	0	0	4	0	3	0	3	5	3	3	0	5	4	3	0	0	4	3	0	2	4	0	5	2	0	3	6	3	4	4	0	2	5	2	2	5	
39	0	4	6	0	5	1	0	1	5	6	4	4	1	3	0	3	5	0	5	1	5	4	3	4	0	3	5	5	1	0	0	0	2	0	5	4	4	2	2	0	0	4	0	3	5	2	3	4	1	0	4	0	1	0	6	3	4	0	2	0	3	4	5	2	6	5	0	3	0	4	5	6	0	0	1	5	3	0	3	3	0	0	3	0	4	0	5	0	4	1	0	5	4	0	0	0	3	5	0	3	
40	2	4	0	3	3	2	4	0	3	4	4	3	5	1	0	3	5	4	2	4	0	2	0	2	4	5	4	5	5	0	1	5	0	0	4	4	1	1	2	0	0	4	2	1	1	3	0	0	0	2	5	5	4	6	5	4	3	3	3	3	3	4	6	2	4	6	0	4	5	4	2	4	0	1	5	6	0	3	1	2	5	6	3	0	5	0	0	0	0	0	0	3	5	0	3	5	6	3	5	5	
41	1	0	1	0	2	3	2	5	3	2	0	1	0	5	4	6	0	0	4	0	3	2	3	6	5	2	3	0	5	0	3	4	0	5	6	3	5	0	1	1	0	6	2	3	5	1	0	5	0	3	0	1	3	2	4	5	4	6	0	0	4	3	5	2	2	2	2	0	0	6	0	5	1	4	3	0	3	0	3	0	4	0	0	0	3	2	1	6	4	6	0	1	1	4	0	0	5	2	1	4	
42	0	0	0	2	0	3	0	0	4	0	6	0	1	0	1	0	0	0	2	3	5	5	1	0	4	0	2	1	0	0	5	6	4	5	0	1	0	0	6	5	5	3	2	1	0	3	3	0	3	5	6	0	4	2	4	3	5	0	0	5	0	1	1	6	5	3	2	1	3	5	3	0	2	2	2	4	3	3	2	6	3	0	4	6	0	3	3	3	0	6	6	5	4	5	0	4	5	2	4	0	
43	0	0	2	2	2	0	3	4	0	2	2	4	0	3	4	3	2	0	3	6	4	4	0	0	0	1	0	2	3	5	3	0	4	3	2	2	6	5	0	0	0	4	0	1	0	1	0	0	5	1	0	3	5	2	0	0	3	2	5	0	4	3	2	2	2	4	1	0	2	6	4	5	0	2	4	3	6	4	5	2	0	4	2	6	1	4	4	0	2	3	3	4	4	3	4	3	3	4	3	1	
44	5	5	0	0	0	4	2	5	0	4	3	4	6	1	0	3	5	0	0	6	0	3	5	0	4	2	0	4	0	2	2	3	6	2	5	1	3	6	1	5	2	0	3	3	5	4	6	1	0	6	3	0	3	6	0	1	0	6	5	0	1	0	5	1	5	0	0	5	5	0	0	3	5	4	0	3	0	4	0	3	2	1	2	0	2	1	4	1	4	0	0	4	0	1	0	6	6	3	3	5	
45	2	6	1	0	3	4	5	1	6	3	1	2	0	3	4	0	5	4	0	3	0	1	2	6	0	4	4	0	3	1	0	4	6	4	0	0	3	5	6	5	6	0	4	2	0	6	0	0	0	4	0	0	2	3	2	4	5	0	2	5	6	0	0	0	3	0	2	3	6	0	5	4	0	4	0	3	5	0	2	0	0	0	2	3	1	3	5	5	4	4	0	0	3	2	0	2	4	0	0	6	
46	4	2	6	6	1	2	1	5	0	4	5	3	4	2	0	0	3	3	2	3	0	3	0	0	1	0	2	3	0	2	4	4	5	2	3	4	4	5	5	2	0	2	0	2	0	4	4	2	5	1	4	5	5	3	0	2	3	5	4	1	1	4	0	0	5	3	3	2	0	0	3	0	0	2	3	2	0	0	2	0	4	2	5	4	3	0	0	6	5	6	0	0	5	0	0	0	0	0	2	0	
47	4	0	3	3	4	5	0	6	4	4	1	4	4	0	4	0	0	0	3	5	3	3	0	0	6	2	4	0	0	3	2	5	2	0	0	4	0	6	0	6	2	0	0	3	0	3	3	4	5	1	4	0	2	2	0	1	0	0	0	0	0	6	0	0	0	0	5	3	3	4	4	5	2	4	6	0	5	3	4	1	2	5	4	0	0	3	1	0	1	1	0	0	3	4	6	2	5	2	2	2	
48	5	0	1	0	5	1	3	1	3	2	3	0	0	0	0	0	0	6	5	2	6	0	1	0	0	3	1	2	2	5	2	0	6	5	0	0	4	5	3	0	3	0	2	2	0	3	5	5	0	1	6	1	3	2	0	4	0	5	0	0	1	1	0	2	5	4	2	0	4	0	2	0	4	0	5	0	2	0	5	6	3	3	0	3	6	0	4	0	5	0	3	1	0	2	0	3	5	6	5	0	
49	4	0	0	4	5	4	2	4	4	6	3	2	6	0	5	2	4	5	4	5	0	4	2	0	0	5	0	4	0	0	0	2	5	0	0	4	3	0	5	4	6	0	5	0	5	4	0	3	0	4	0	1	2	3	3	0	0	0	0	0	3	4	4	3	0	3	4	0	0	5	5	0	0	4	5	6	2	3	0	4	6	4	0	1	3	0	0	4	6	1	3	2	0	0	0	0	1	2	4	2	
50	3	0	0	0	6	4	4	0	3	5	0	3	3	3	0	0	4	6	4	4	0	2	5	3	1	0	3	1	2	4	0	1	1	0	3	5	0	0	3	2	4	2	6	0	5	0	5	0	0	1	6	6	0	5	2	0	0	0	6	0	1	6	4	1	6	0	0	4	3	5	0	6	0	3	0	1	5	0	4	5	3	1	4	4	0	0	5	2	6	4	0	6	4	3	4	3	1	0	0	2	
51	0	5	4	4	4	3	0	2	3	4	3	0	5	4	6	4	4	0	2	0	0	0	3	4	0	4	6	0	0	3	0	4	2	0	0	4	6	4	1	3	5	0	0	2	4	2	2	4	3	0	2	3	2	3	3	0	0	3	3	0	4	0	0	3	4	0	5	0	2	5	6	0	1	0	0	5	5	3	0	2	2	1	0	0	0	5	2	3	3	6	4	4	4	2	1	5	0	2	6	2	
52	5	2	6	2	1	0	4	1	1	0	3	5	3	3	4	4	0	5	2	2	3	5	6	0	1	4	0	0	2	3	1	0	5	0	0	3	3	0	3	0	3	3	0	2	3	2	0	6	5	0	0	5	4	0	1	6	3	1	0	5	6	0	0	2	0	6	0	6	3	0	6	0	2	5	3	2	0	0	0	0	2	0	5	1	6	0	0	2	0	4	0	2	5	0	0	3	5	2	5	5	
53	5	4	5	0	0	0	3	3	0	2	4	3	0	2	3	3	2	4	1	5	1	0	0	3	6	3	6	5	1	4	5	4	0	2	2	4	5	0	4	2	3	5	5	0	1	3	4	4	0	0	6	3	5	3	6	4	3	2	2	4	0	0	0	2	4	4	0	4	0	0	3	5	4	2	3	5	3	0	0	0	0	1	2	2	1	1	0	5	1	5	2	0	5	5	3	0	0	3	5	0	
54	6	0	5	2	4	6	4	0	4	3	6	5	0	5	0	5	6	4	3	2	6	2	2	5	0	5	6	0	1	0	5	1	2	0	2	0	6	6	3	5	4	0	5	2	1	3	0	5	0	1	2	0	0	3	3	1	4	3	1	3	0	3	6	0	2	3	2	0	4	3	3	1	0	6	3	2	0	2	0	0	2	5	5	1	2	3	5	3	5	1	5	0	0	4	4	0	3	2	2	4	
55	3	0	2	0	6	3	4	4	4	0	2	2	5	5	5	4	1	6	2	3	2	0	3	3	0	3	2	1	0	0	6	4	4	5	5	1	4	0	4	6	0	2	0	6	5	1	0	0	6	5	0	0	4	2	5	0	0	3	1	3	0	0	0	1	4	1	0	2	4	5	3	0	5	1	2	0	3	0	2	5	6	2	0	0	0	4	2	2	3	2	1	2	0	3	0	3	3	2	0	4	
56	2	0	0	0	0	0	4	1	3	5	0	4	1	3	1	0	0	5	2	3	1	5	4	0	2	0	2	4	0	0	2	4	0	2	1	5	0	6	0	3	4	0	3	3	3	5	0	2	0	6	4	6	5	0	3	5	3	3	5	2	2	0	5	2	5	2	0	5	5	0	5	6	3	3	2	5	0	3	3	3	3	5	0	2	4	3	3	2	3	6	5	0	3	3	2	4	0	3	4	3	
57	3	0	4	5	4	4	4	4	5	0	4	4	5	4	2	5	6	2	2	4	0	6	6	4	0	2	2	0	2	3	0	3	4	0	0	5	3	2	0	3	0	1	4	3	4	0	5	0	4	5	1	4	4	5	0	3	0	4	5	0	5	0	0	4	4	5	0	3	3	2	6	6	2	4	0	3	1	0	2	3	3	0	2	3	6	0	2	3	5	5	0	6	2	2	3	0	2	3	4	0	
58	3	5	6	3	0	1	2	0	4	4	2	0	4	2	2	5	4	6	4	0	0	0	0	2	5	4	0	4	6	0	0	0	3	3	0	2	3	5	4	1	4	0	0	6	5	4	0	2	5	0	4	3	0	0	4	5	0	0	5	2	2	2	6	0	4	3	3	5	3	3	0	5	0	5	0	4	0	5	3	0	4	6	0	5	0	1	0	4	3	2	4	1	4	3	2	4	3	0	3	4	
59	4	1	4	6	0	5	5	4	3	6	3	0	0	2	0	3	3	0	2	2	3	4	6	2	4	2	5	0	2	2	3	4	4	5	0	2	0	5	5	0	0	6	3	5	5	0	5	4	2	0	0	6	4	2	0	0	4	0	0	0	4	3	2	5	4	5	0	4	0	4	5	3	0	2	1	1	0	3	0	3	5	0	2	3	3	0	0	2	2	4	5	2	2	0	0	3	0	0	0	0	
60	0	3	0	4	5	2	6	4	4	2	0	4	6	0	0	5	0	6	2	2	1	4	2	0	6	5	1	4	0	5	0	0	4	0	2	0	0	0	0	4	1	2	0	0	2	5	3	5	4	1	4	2	5	4	1	0	6	0	2	3	5	2	0	0	0	0	3	2	6	3	3	1	4	4	2	0	1	1	5	3	0	4	2	0	3	1	0	0	4	0	2	5	2	5	0	0	0	4	6	0	
61	0	3	0	6	2	0	0	0	5	0	6	3	1	0	3	5	0	3	4	0	3	5	5	0	2	4	2	5	3	6	4	3	0	0	2	5	2	0	5	1	0	6	2	0	5	5	4	2	1	0	5	0	0	2	5	3	4	3	6	2	3	4	3	6	0	0	0	5	0	4	1	0	2	3	3	4	3	4	5	2	4	2	2	2	5	6	5	3	3	2	0	3	0	1	0	5	0	3	0	5	
62	4	0	0	4	0	4	5	0	3	2	3	4	4	0	0	5	3	0	0	5	4	0	2	0	2	4	0	1	5	2	5	4	4	0	3	0	4	4	0	0	0	5	1	0	6	6	2	0	0	0	5	0	5	0	5	0	0	0	5	5	2	0	4	5	1	2	3	0	1	0	1	4	4	3	0	4	4	3	0	0	5	4	5	2	4	1	0	0	1	4	0	5	4	4	2	2	0	1	2	2	
63	0	4	0	4	5	5	5	3	3	1	0	0	2	0	0	5	2	3	0	4	2	0	6	1	5	0	4	3	2	0	3	5	0	2	0	0	1	3	4	2	6	0	3	4	3	6	0	4	0	3	0	5	4	3	6	4	3	0	4	2	6	4	3	0	1	0	0	6	3	5	0	5	4	2	0	1	2	0	4	5	5	3	4	1	5	4	3	5	5	4	5	0	1	3	2	2	3	0	0	4	
64	0	3	3	2	0	5	3	0	0	5	0	0	3	4	2	5	4	0	0	1	4	3	0	2	2	1	3	2	3	6	5	5	0	0	5	0	0	0	1	5	1	0	4	5	0	3	2	0	0	5	4	0	3	0	3	3	2	0	4	0	0	3	0	2	4	0	2	2	3	0	0	0	4	2	4	6	5	2	0	1	0	4	0	0	0	2	0	4	3	0	3	0	3	0	1	0	4	0	2	4	
65	0	3	1	6	5	0	5	4	2	2	2	6	3	5	4	0	3	0	0	1	0	1	3	0	3	3	1	6	0	2	5	3	4	6	5	2	3	4	1	5	0	3	5	0	0	0	0	6	3	0	2	0	5	5	1	4	3	2	0	2	0	5	2	6	0	4	3	1	1	4	0	0	3	6	1	6	0	4	0	4	0	2	0	1	5	5	3	2	1	6	0	5	0	0	1	0	0	0	3	5	
66	1	3	0	3	2	0	5	0	3	0	0	0	4	4	2	0	2	0	6	0	4	0	0	3	3	5	5	0	0	4	6	5	5	3	2	6	2	4	1	0	6	5	6	0	6	0	0	3	3	4	1	3	0	4	5	5	2	6	0	0	5	2	5	5	2	2	3	0	2	4	2	3	5	4	0	0	0	2	2	0	3	0	3	3	0	0	2	0	4	0	0	2	0	0	0	2	2	5	4	4	
67	3	4	0	1	0	0	3	3	5	5	0	0	0	0	2	0	4	0	1	1	0	5	6	4	3	0	0	1	2	6	2	6	4	0	4	5	0	5	2	0	0	3	0	6	3	4	3	3	2	0	0	0	0	3	1	0	4	0	2	2	0	2	3	2	2	3	0	3	1	1	0	2	3	0	5	6	0	2	4	0	1	4	0	3	2	0	0	0	0	6	4	3	4	0	4	4	2	5	0	2	
68	5	4	5	2	5	4	0	6	0	6	0	1	5	5	0	4	4	3	0	0	5	0	3	3	0	2	3	2	0	5	0	0	5	5	1	4	6	5	6	6	2	2	0	0	5	4	2	2	3	4	5	2	3	6	4	1	4	0	3	0	0	3	6	6	4	2	5	4	5	5	0	0	3	3	0	5	2	0	2	0	0	5	5	2	4	6	4	6	2	0	3	4	4	0	2	6	0	5	5	5	
69	4	2	6	4	2	0	2	3	6	0	0	0	5	0	2	0	0	0	5	3	2	4	0	2	3	3	6	2	6	3	5	6	0	1	6	0	0	1	3	4	0	5	0	0	0	5	0	4	0	0	0	4	0	4	1	5	4	4	3	0	6	6	3	6	5	6	0	0	4	0	0	4	0	6	6	0	0	0	0	0	2	5	2	0	2	6	2	3	5	2	0	0	3	5	0	4	2	5	6	2	
70	5	0	0	0	4	4	3	4	3	3	6	4	0	4	0	2	3	5	2	0	6	0	0	2	0	5	4	1	0	3	0	0	5	4	2	0	4	3	5	3	4	0	0	2	3	5	2	4	3	4	5	0	0	4	6	1	0	2	0	4	4	3	0	2	5	1	1	2	1	0	2	2	5	0	0	2	4	0	3	0	5	3	4	4	0	3	2	4	4	5	5	4	4	0	0	0	4	4	0	4	
71	0	4	3	4	1	5	3	0	1	0	4	3	5	4	0	1	5	3	0	1	2	6	0	1	5	4	2	4	3	4	0	0	1	0	6	2	0	3	0	3	4	6	0	0	5	0	3	5	3	3	2	0	0	4	4	3	0	6	5	2	3	3	6	0	5	0	1	1	1	0	5	1	0	4	6	1	6	0	5	5	0	0	0	0	3	5	0	0	0	0	0	5	5	5	0	2	4	0	0	2	
72	4	0	4	1	2	4	0	3	4	4	5	3	4	0	3	0	0	2	2	2	2	2	6	0	3	4	0	5	5	2	5	4	0	4	5	1	2	6	0	0	0	3	5	0	0	5	0	2	0	4	0	3	4	6	4	4	3	6	1	0	6	1	2	0	5	5	0	0	0	5	5	0	2	0	3	4	3	0	2	0	3	3	3	6	1	0	0	3	5	5	4	5	5	2	5	2	2	5	5	0	
73	0	4	2	5	2	2	2	3	2	5	5	6	2	6	6	2	0	0	5	5	0	2	5	0	0	4	4	4	0	0	3	0	2	2	5	3	0	5	4	5	5	3	6	0	5	1	5	0	4	5	5	0	2	4	5	2	6	6	3	0	4	0	0	1	1	0	4	0	5	5	1	0	0	2	0	0	4	6	2	3	2	0	5	5	4	5	0	0	5	0	4	0	6	4	1	2	1	0	3	0	
74	2	2	4	4	3	4	4	5	2	0	0	5	0	5	0	0	6	5	0	6	4	3	1	0	0	2	2	0	0	3	0	4	3	3	0	4	1	4	3	4	0	3	3	3	1	0	4	0	2	3	0	5	4	1	6	3	0	0	3	3	6	4	3	2	0	5	5	2	3	0	3	0	0	6	0	4	6	6	0	0	3	0	0	2	2	4	0	0	0	0	1	0	4	3	3	0	3	6	1	2	
75	6	2	1	6	3	6	4	0	3	0	0	2	3	3	0	0	1	3	2	5	5	0	0	3	1	4	3	4	2	2	0	3	0	5	4	6	6	1	3	5	4	5	0	0	2	0	2	3	0	5	0	5	5	5	4	0	0	3	1	0	4	2	5	2	4	0	3	6	0	2	0	5	4	2	0	4	3	5	5	0	4	2	2	0	6	0	0	0	3	0	5	4	0	2	0	0	0	0	0	5	
76	4	3	0	2	0	2	0	0	0	0	6	0	6	4	4	3	5	4	5	5	0	4	2	0	6	0	2	1	6	5	3	3	4	4	5	0	0	0	0	4	0	3	0	3	0	2	0	4	5	0	5	5	0	3	4	2	0	3	5	1	3	0	0	6	0	0	2	6	4	2	3	6	3	0	4	0	0	2	3	6	0	0	6	2	5	0	0	2	4	0	1	0	0	2	4	1	3	5	1	0	
77	0	6	3	3	0	5	0	1	4	3	4	4	0	1	4	0	0	6	4	1	0	2	6	2	2	4	5	0	4	4	5	0	2	5	0	0	0	2	6	0	2	4	1	0	3	0	0	6	4	3	3	2	0	0	3	3	5	5	0	5	1	2	1	0	1	5	4	2	0	0	0	0	5	0	0	2	6	0	0	4	3	1	2	0	0	3	4	5	5	3	5	1	0	2	2	0	4	5	0	3	
78	0	0	2	6	6	5	2	2	5	5	2	0	4	0	3	3	5	3	0	4	3	2	6	0	3	0	0	2	1	0	0	4	1	4	3	6	3	3	1	3	2	5	3	0	5	5	5	6	3	0	0	0	1	5	0	1	5	2	0	3	3	2	5	3	3	1	5	0	4	0	3	0	0	0	2	4	3	2	5	0	3	5	3	5	0	0	3	5	2	0	0	0	5	6	3	5	2	0	2	6	
79	0	0	2	0	4	6	6	5	2	3	6	0	2	1	2	5	0	0	1	5	2	0	1	0	0	4	5	3	6	0	4	0	3	0	2	1	5	4	0	0	0	3	3	4	5	5	0	1	5	2	1	2	0	4	0	5	3	0	0	0	4	5	5	0	6	4	0	4	3	0	0	6	3	0	2	0	6	0	5	2	4	5	3	5	0	1	3	1	6	2	0	4	2	0	4	5	0	0	4	3	
80	0	6	1	2	0	0	6	2	0	4	0	5	4	5	2	0	0	3	0	0	3	2	3	0	1	6	4	2	0	4	2	0	6	5	3	5	6	1	4	5	3	3	5	3	2	0	0	0	0	5	2	1	0	3	1	5	4	0	3	3	2	5	6	1	0	0	0	4	5	2	3	0	0	2	0	5	4	0	3	5	5	1	0	3	2	0	3	0	2	1	2	6	4	2	5	0	0	1	4	3	
81	1	4	6	4	4	4	5	3	3	2	3	5	0	1	0	0	0	4	0	5	1	4	5	0	2	6	1	2	2	5	0	3	0	0	3	1	0	0	0	0	4	2	3	3	5	4	3	4	3	0	3	4	2	0	1	3	0	0	3	0	0	0	0	4	5	1	0	3	4	0	4	6	1	0	0	0	3	6	0	2	2	5	3	0	4	4	0	0	2	6	0	6	4	4	3	3	0	0	2	4	
82	3	4	1	1	2	4	2	5	3	3	3	0	4	5	6	5	0	1	5	5	5	2	4	2	4	5	4	5	5	6	0	5	3	5	2	0	2	0	1	1	0	2	0	0	2	3	0	3	2	2	3	2	0	5	0	5	4	3	0	5	2	0	5	2	6	2	5	0	0	3	3	2	0	4	1	3	2	3	1	3	5	3	4	0	0	3	4	0	5	5	3	0	0	0	6	0	2	3	1	6	
83	3	5	3	4	0	0	0	0	6	0	1	5	3	0	0	0	4	4	3	3	4	4	4	2	4	3	3	5	5	5	1	0	1	0	4	4	5	0	5	0	0	0	5	1	0	3	1	0	5	0	0	2	6	2	6	6	6	0	3	2	2	0	1	0	3	3	4	5	4	2	6	3	5	0	0	0	3	0	0	2	2	2	0	1	6	1	2	0	4	5	0	3	2	6	2	2	4	2	2	0	
84	6	0	3	3	5	0	5	2	4	4	5	0	6	0	1	5	0	4	0	0	5	3	5	4	4	4	3	1	5	4	0	4	3	1	0	3	4	3	6	1	0	1	5	4	3	2	0	4	5	5	0	4	1	6	2	0	5	0	5	6	3	2	1	1	3	0	0	6	0	5	0	2	2	3	5	0	4	1	2	3	1	2	4	2	0	2	2	3	5	4	3	4	0	5	5	4	5	0	6	0	
85	0	1	0	3	6	1	4	0	1	2	0	2	1	2	2	2	5	3	2	3	0	0	0	5	5	0	2	3	3	5	5	0	1	1	0	3	5	1	4	2	5	4	3	0	0	3	5	5	3	3	4	6	6	0	0	4	3	3	0	1	0	2	6	1	0	1	4	2	0	3	4	3	3	3	0	5	4	6	3	0	6	4	4	0	6	5	0	1	2	0	6	0	2	5	2	0	4	5	2	2	
86	0	0	2	6	4	3	0	3	0	5	0	5	3	5	3	1	3	0	5	5	0	0	5	2	3	5	0	0	0	6	2	1	0	6	5	3	3	0	0	0	6	4	5	2	6	0	1	0	5	3	0	3	4	2	0	5	2	0	2	0	0	4	4	3	4	2	6	0	4	0	0	2	4	0	0	0	5	4	2	2	3	2	4	6	0	2	4	5	0	2	0	4	3	6	1	4	5	0	5	5	
87	4	6	5	0	0	0	5	2	5	0	4	0	5	4	4	6	0	2	0	3	0	0	1	0	0	0	3	5	1	3	6	0	5	3	5	4	6	3	2	0	5	4	2	1	3	3	2	4	3	4	5	2	4	0	3	3	3	2	2	5	5	4	4	5	4	0	0	5	3	4	4	3	0	5	4	4	2	0	0	4	4	3	2	5	2	0	0	5	2	3	4	4	4	0	4	2	5	0	0	5	
88	4	2	2	5	5	1	3	3	3	0	0	0	5	5	0	3	2	3	4	0	4	0	4	3	2	0	0	0	2	5	3	1	3	3	3	3	0	1	6	5	0	0	2	3	0	1	5	0	6	4	3	0	5	5	1	0	2	0	2	2	6	3	0	0	2	2	2	0	0	1	0	2	4	0	1	2	0	4	5	5	0	1	5	5	2	5	0	5	1	2	6	0	2	3	5	2	4	5	1	4	
89	3	4	0	5	1	0	2	4	5	2	0	3	2	0	0	3	0	4	0	3	3	0	0	5	0	1	6	0	0	0	3	6	5	2	4	4	2	5	0	4	3	6	4	4	4	0	0	2	4	0	5	0	0	2	2	6	1	1	4	5	0	3	3	3	5	0	2	0	1	4	5	0	5	4	4	2	0	0	6	0	0	3	1	5	4	3	2	6	5	2	2	2	0	1	3	6	1	2	0	2	
90	0	0	3	0	2	4	1	6	4	3	6	4	0	2	6	0	2	0	0	3	0	2	0	3	0	0	2	4	2	0	3	1	5	2	5	2	2	0	0	0	3	2	2	1	0	4	4	5	0	2	0	2	2	2	2	0	3	0	3	3	0	0	2	0	5	6	1	3	0	2	3	1	3	4	4	6	0	2	2	0	0	5	0	0	0	2	0	0	0	4	3	4	1	4	2	1	0	5	1	0	
91	0	6	0	5	3	0	6	0	5	2	0	4	0	5	5	4	6	4	0	2	5	0	3	5	0	3	0	2	4	5	3	0	5	0	0	4	5	0	0	4	0	0	0	6	0	3	4	6	0	0	0	2	5	0	3	5	0	5	3	5	2	6	5	3	0	5	6	0	2	0	0	0	4	0	2	6	2	4	0	0	4	0	0	2	6	2	5	2	4	4	6	1	0	2	2	3	5	5	5	5	
92	6	4	3	4	4	5	2	0	4	5	0	2	0	0	1	4	1	4	0	6	6	3	5	2	2	0	5	2	0	0	4	0	0	1	2	5	0	2	0	0	2	3	0	3	4	3	4	3	0	5	5	0	5	5	6	5	0	0	0	0	4	6	0	0	0	5	2	4	4	3	0	4	0	4	0	3	0	4	0	1	3	4	6	2	0	1	0	1	0	5	4	2	4	0	5	5	6	1	5	0	
93	5	0	2	0	0	3	0	4	2	0	0	2	2	2	4	0	0	4	5	3	0	4	5	0	0	0	2	6	0	0	1	4	6	5	4	4	3	0	0	4	3	5	0	5	0	0	5	2	1	2	4	2	1	1	5	1	0	2	0	0	2	6	4	3	2	2	3	0	0	0	4	6	5	6	0	4	4	2	3	6	2	5	0	0	0	2	0	3	1	1	3	0	0	6	4	0	2	2	3	0	
94	0	2	5	1	0	5	6	3	2	5	0	2	0	3	0	4	0	4	5	5	2	4	0	3	2	0	3	2	5	0	4	4	2	4	0	1	6	5	3	6	4	3	1	1	0	3	2	3	5	3	0	5	4	5	4	2	0	0	3	4	0	2	0	0	4	4	3	2	3	1	0	4	0	6	3	5	4	2	0	3	0	0	2	3	6	4	2	0	6	1	0	0	3	4	2	0	4	3	3	0	
95	1	0	5	2	1	0	0	5	1	0	3	0	4	0	4	4	0	0	0	3	3	3	4	5	4	0	0	4	3	2	0	2	0	5	5	4	6	5	3	2	0	5	2	0	2	3	0	3	3	0	5	2	3	4	3	0	2	0	0	0	4	2	3	0	3	3	2	3	0	5	2	0	4	0	4	0	3	0	4	6	4	0	0	3	0	4	3	5	0	5	5	0	4	5	0	0	4	1	2	0	
96	3	0	2	0	4	5	0	0	5	2	0	0	4	3	0	0	0	4	6	0	0	1	3	3	2	0	4	0	4	1	4	4	3	4	3	5	5	5	5	1	5	0	0	3	0	0	0	0	1	0	2	0	3	1	4	3	0	0	4	0	4	0	3	4	0	3	5	0	0	3	4	0	3	2	5	6	4	0	3	2	1	4	4	5	0	2	5	5	3	1	0	5	3	0	2	5	4	2	4	5	
97	2	3	5	0	0	6	3	0	0	2	5	3	3	5	2	0	0	0	6	0	0	0	2	3	3	1	0	0	0	3	0	0	5	3	3	4	0	0	0	0	2	0	3	0	6	5	2	4	1	0	0	2	0	3	3	0	3	0	1	4	5	0	2	3	2	4	3	0	3	3	3	5	5	0	3	0	0	0	2	5	5	0	6	3	3	6	3	5	6	2	4	4	0	0	0	0	3	4	5	0	
98	2	5	3	0	5	1	3	0	2	5	2	6	0	2	4	1	5	1	0	3	6	0	5	4	1	6	4	2	3	0	4	3	3	4	5	2	5	0	0	0	3	3	4	5	1	6	5	1	4	0	0	0	3	6	3	0	5	6	6	3	0	6	2	4	3	2	2	4	5	0	0	0	0	1	2	2	0	5	0	0	2	1	0	3	0	2	1	4	6	0	0	1	3	4	2	4	0	1	2	6	
99	0	0	2	5	0	0	3	0	0	4	1	2	1	0	5	0	2	2	5	0	5	0	3	2	6	3	3	4	1	0	4	3	4	0	0	6	1	0	0	3	0	6	4	6	0	2	4	2	1	5	0	3	3	3	1	5	2	0	1	0	5	6	6	5	6	2	3	2	6	3	1	0	0	1	2	3	3	2	0	4	0	4	2	6	0	2	2	0	0	3	5	3	4	2	0	0	5	0	6	1	
100	0	5	4	2	3	5	5	0	0	3	5	4	2	5	0	0	0	0	5	3	5	2	0	2	0	3	0	5	2	3	2	0	2	1	0	3	4	0	0	0	3	4	0	0	2	0	5	0	3	0	5	3	0	3	4	0	2	4	0	2	5	1	3	0	5	3	2	3	3	1	3	4	0	4	2	0	3	0	2	0	3	0	4	0	3	4	5	2	0	0	1	5	0	4	6	2	0	0	2	4	
;																																																																																																					
